0 4 0
1 4 1
2 4 2
3 4 3
4 4 4
5 4 5
6 4 6
7 4 7
8 5 0
9 5 1
10 5 2
11 5 3
12 5 4
13 5 5
14 5 6
15 5 7
16 6 0
17 6 1
18 6 2
19 6 3
20 6 4
21 6 5
22 6 6
23 6 7
24 7 0
25 7 1
26 7 2
27 7 3
28 7 4
29 7 5
30 7 6
31 7 7
32 0 0
33 0 1
34 0 2
35 0 3
36 0 4
37 0 5
38 0 6
39 0 7
40 1 0
41 1 1
42 1 2
43 1 3
44 1 4
45 1 5
46 1 6
47 1 7
48 2 0
49 2 1
50 2 2
51 2 3
52 2 4
53 2 5
54 2 6
55 2 7
56 3 0
57 3 1
58 3 2
59 3 3
60 3 4
61 3 5
62 3 6
63 3 7
64 3 0
65 3 1
66 3 2
67 3 3
68 3 4
69 3 5
70 3 6
71 3 7
72 2 0
73 2 1
74 2 2
75 2 3
76 2 4
77 2 5
78 2 6
79 2 7
80 1 0
81 1 1
82 1 2
83 1 3
84 1 4
85 1 5
86 1 6
87 1 7
88 0 0
89 0 1
90 0 2
91 0 3
92 0 4
93 0 5
94 0 6
95 0 7
