0 7 0
1 7 1
2 7 2
3 7 3
4 7 4
5 7 5
6 7 6
7 7 7
8 6 0
9 6 1
10 6 2
11 6 3
12 6 4
13 6 5
14 6 6
15 6 7
16 5 0
17 5 1
18 5 2
19 5 3
20 5 4
21 5 5
22 5 6
23 5 7
24 4 0
25 4 1
26 4 2
27 4 3
28 4 4
29 4 5
30 4 6
31 4 7
32 11 0  
33 11 1
34 11 2
35 11 3
36 11 4
37 11 5
38 11 6
39 11 7
40 10 0
41 10 1
42 10 2
43 10 3
44 10 4
45 10 5
46 10 6
47 10 7
48 9 0
49 9 1
50 9 2
51 9 3
52 9 4
53 9 5
54 9 6
55 9 7
56 8 0
57 8 1
58 8 2
59 8 3
60 8 4
61 8 5
62 8 6
63 8 7
64 15 0
65 15 1
66 15 2
67 15 3
68 15 4
69 15 5
70 15 6
71 15 7
72 14 0
73 14 1
74 14 2
75 14 3
76 14 4
77 14 5
78 14 6
79 14 7
80 13 0
81 13 1
82 13 2
83 13 3
84 13 4
85 13 5
86 13 6
87 13 7
88 12 0
89 12 1
90 12 2
91 12 3
92 12 4
93 12 5
94 12 6
95 12 7
