0 15 0
1 15 1
2 15 2
3 15 3
4 15 4
5 15 5
6 15 6
7 15 7
8 14 0
9 14 1
10 14 2
11 14 3
12 14 4
13 14 5
14 14 6
15 14 7
16 13 0
17 13 1
18 13 2
19 13 3
20 13 4
21 13 5
22 13 6
23 13 7
24 12 0
25 12 1
26 12 2
27 12 3
28 12 4
29 12 5
30 12 6
31 12 7
32 11 0  
33 11 1
34 11 2
35 11 3
36 11 4
37 11 5
38 11 6
39 11 7
40 10 0
41 10 1
42 10 2
43 10 3
44 10 4
45 10 5
46 10 6
47 10 7
48 9 0
49 9 1
50 9 2
51 9 3
52 9 4
53 9 5
54 9 6
55 9 7
56 8 0
57 8 1
58 8 2
59 8 3
60 8 4
61 8 5
62 8 6
63 8 7
64 7 0
65 7 1
66 7 2
67 7 3
68 7 4
69 7 5
70 7 6
71 7 7
72 6 0
73 6 1
74 6 2
75 6 3
76 6 4
77 6 5
78 6 6
79 6 7
80 5 0
81 5 1
82 5 2
83 5 3
84 5 4
85 5 5
86 5 6
87 5 7
88 4 0
89 4 1
90 4 2
91 4 3
92 4 4
93 4 5
94 4 6
95 4 7
