0 7 19
1 6 19
2 5 19
3 4 19
4 3 19
5 2 19
6 1 19
7 0 19
8 7 18
9 6 18
10 5 18
11 4 18
12 3 18
13 2 18
14 1 18
15 0 18
16 7 17
17 6 17
18 5 17
19 4 17
20 3 17
21 2 17
22 1 17
23 0 17
24 7 16
25 6 16
26 5 16
27 4 16
28 3 16
29 2 16
30 1 16
31 0 16
32 7 0 
33 6 0
34 5 0
35 4 0
36 3 0
37 2 0
38 1 0
39 0 0
40 7 1
41 6 1
42 5 1
43 4 1
44 3 1
45 2 1
46 1 1
47 0 1
48 7 2
49 6 2
50 5 2
51 4 2
52 3 2
53 2 2
54 1 2
55 0 2
56 7 3
57 6 3
58 5 3
59 4 3
60 3 3
61 2 3
62 1 3
63 0 3

64 7 4
65 6 4
66 5 4
67 4 4
68 3 4
69 2 4
70 1 4
71 0 4
72 7 5
73 6 5
74 5 5
75 4 5
76 3 5
77 2 5
78 1 5
79 0 5
80 7 6
81 6 6
82 5 6
83 4 6
84 3 6
85 2 6
86 1 6
87 0 6
88 7 7
89 6 7
90 5 7
91 4 7
92 3 7
93 2 7
94 1 7
95 0 7

