0 7 4
1 6 4
2 5 4
3 4 4
4 3 4
5 2 4
6 1 4
7 0 4
8 7 5
9 6 5
10 5 5
11 4 5
12 3 5
13 2 5
14 1 5
15 0 5
16 7 6
17 6 6
18 5 6
19 4 6
20 3 6
21 2 6
22 1 6
23 0 6
24 7 7
25 6 7
26 5 7
27 4 7
28 3 7
29 2 7
30 1 7
31 0 7
32 7 0 
33 6 0
34 5 0
35 4 0
36 3 0
37 2 0
38 1 0
39 0 0
40 7 1
41 6 1
42 5 1
43 4 1
44 3 1
45 2 1
46 1 1
47 0 1
48 7 2
49 6 2
50 5 2
51 4 2
52 3 2
53 2 2
54 1 2
55 0 2
56 7 3
57 6 3
58 5 3
59 4 3
60 3 3
61 2 3
62 1 3
63 0 3
64 7 19
65 6 19
66 5 19
67 4 19
68 3 19
69 2 19
70 1 19
71 0 19
72 7 18
73 6 18
74 5 18
75 4 18
76 3 18
77 2 18
78 1 18
79 0 18
80 7 17
81 6 17
82 5 17
83 4 17
84 3 17
85 2 17
86 1 17
87 0 17
88 7 16
89 6 16
90 5 16
91 4 16
92 3 16
93 2 16
94 1 16
95 0 16
