0 7 23
1 6 23
2 5 23
3 4 23
4 3 23
5 2 23
6 1 23
7 0 23
8 7 22
9 6 22
10 5 22
11 4 22
12 3 22
13 2 22
14 1 22
15 0 22
16 7 21
17 6 21
18 5 21
19 4 21
20 3 21
21 2 21
22 1 21
23 0 21
24 7 20
25 6 20
26 5 20
27 4 20
28 3 20
29 2 20
30 1 20
31 0 20
32 7 12 
33 6 12
34 5 12
35 4 12
36 3 12
37 2 12
38 1 12
39 0 12
40 7 13
41 6 13
42 5 13
43 4 13
44 3 13
45 2 13
46 1 13
47 0 13
48 7 14
49 6 14
50 5 14
51 4 14
52 3 14
53 2 14
54 1 14
55 0 14
56 7 15
57 6 15
58 5 15
59 4 15
60 3 15
61 2 15
62 1 15
63 0 15
64 7 8
65 6 8
66 5 8
67 4 8
68 3 8
69 2 8
70 1 8
71 0 8
72 7 9
73 6 9
74 5 9
75 4 9
76 3 9
77 2 9
78 1 9
79 0 9
80 7 10
81 6 10
82 5 10
83 4 10
84 3 10
85 2 10
86 1 10
87 0 10
88 7 11
89 6 11
90 5 11
91 4 11
92 3 11
93 2 11
94 1 11
95 0 11
