0 7 8
1 6 8
2 5 8
3 4 8
4 3 8
5 2 8
6 1 8
7 0 8
8 7 9
9 6 9
10 5 9
11 4 9
12 3 9
13 2 9
14 1 9
15 0 9
16 7 10
17 6 10
18 5 10
19 4 10
20 3 10
21 2 10
22 1 10
23 0 10
24 7 11
25 6 11
26 5 11
27 4 11
28 3 11
29 2 11
30 1 11
31 0 11
32 7 12 
33 6 12
34 5 12
35 4 12
36 3 12
37 2 12
38 1 12
39 0 12
40 7 13
41 6 13
42 5 13
43 4 13
44 3 13
45 2 13
46 1 13
47 0 13
48 7 14
49 6 14
50 5 14
51 4 14
52 3 14
53 2 14
54 1 14
55 0 14
56 7 15
57 6 15
58 5 15
59 4 15
60 3 15
61 2 15
62 1 15
63 0 15

64 7 23
65 6 23
66 5 23
67 4 23
68 3 23
69 2 23
70 1 23
71 0 23
72 7 22
73 6 22
74 5 22
75 4 22
76 3 22
77 2 22
78 1 22
79 0 22
80 7 21
81 6 21
82 5 21
83 4 21
84 3 21
85 2 21
86 1 21
87 0 21
88 7 20
89 6 20
90 5 20
91 4 20
92 3 20
93 2 20
94 1 20
95 0 20


