0 19 7
1 19 6
2 19 5
3 19 4
4 19 3
5 19 2
6 19 1
7 19 0
8 18 7
9 18 6
10 18 5
11 18 4
12 18 3
13 18 2
14 18 1
15 18 0
16 17 7
17 17 6
18 17 5
19 17 4
20 17 3
21 17 2
22 17 1
23 17 0
24 16 7
25 16 6
26 16 5
27 16 4
28 16 3
29 16 2
30 16 1
31 16 0
32 23 7 
33 23 6
34 23 5
35 23 4
36 23 3
37 23 2
38 23 1
39 23 0
40 22 7
41 22 6
42 22 5
43 22 4
44 22 3
45 22 2
46 22 1
47 22 0
48 21 7
49 21 6
50 21 5
51 21 4
52 21 3
53 21 2
54 21 1
55 21 0
56 20 7
57 20 6
58 20 5
59 20 4
60 20 3
61 20 2
62 20 1
63 20 0
64 7 31
65 6 31
66 5 31
67 4 31
68 3 31
69 2 31
70 1 31
71 0 31
72 7 30
73 6 30
74 5 30
75 4 30
76 3 30
77 2 30
78 1 30
79 0 30
80 7 29
81 6 29
82 5 29
83 4 29
84 3 29
85 2 29
86 1 29
87 0 29
88 7 28
89 6 28
90 5 28
91 4 28
92 3 28
93 2 28
94 1 28
95 0 28
