0 7 31
1 6 31
2 5 31
3 4 31
4 3 31
5 2 31
6 1 31
7 0 31
8 7 30
9 6 30
10 5 30
11 4 30
12 3 30
13 2 30
14 1 30
15 0 30
16 7 29
17 6 29
18 5 29
19 4 29
20 3 29
21 2 29
22 1 29
23 0 29
24 7 28
25 6 28
26 5 28
27 4 28
28 3 28
29 2 28
30 1 28
31 0 28
32 23 7 
33 23 6
34 23 5
35 23 4
36 23 3
37 23 2
38 23 1
39 23 0
40 22 7
41 22 6
42 22 5
43 22 4
44 22 3
45 22 2
46 22 1
47 22 0
48 21 7
49 21 6
50 21 5
51 21 4
52 21 3
53 21 2
54 21 1
55 21 0
56 20 7
57 20 6
58 20 5
59 20 4
60 20 3
61 20 2
62 20 1
63 20 0
64 19 7
65 19 6
66 19 5
67 19 4
68 19 3
69 19 2
70 19 1
71 19 0
72 18 7
73 18 6
74 18 5
75 18 4
76 18 3
77 18 2
78 18 1
79 18 0
80 17 7
81 17 6
82 17 5
83 17 4
84 17 3
85 17 2
86 17 1
87 17 0
88 16 7
89 16 6
90 16 5
91 16 4
92 16 3
93 16 2
94 16 1
95 16 0


