0 7 27
1 6 27
2 5 27
3 4 27
4 3 27
5 2 27
6 1 27
7 0 27
8 7 26
9 6 26
10 5 26
11 4 26
12 3 26
13 2 26
14 1 26
15 0 26
16 7 25
17 6 25
18 5 25
19 4 25
20 3 25
21 2 25
22 1 25
23 0 25
24 7 24
25 6 24
26 5 24
27 4 24
28 3 24
29 2 24
30 1 24
31 0 24
32 27 7 
33 27 6
34 27 5
35 27 4
36 27 3
37 27 2
38 27 1
39 27 0
40 26 7
41 26 6
42 26 5
43 26 4
44 26 3
45 26 2
46 26 1
47 26 0
48 25 7
49 25 6
50 25 5
51 25 4
52 25 3
53 25 2
54 25 1
55 25 0
56 24 7
57 24 6
58 24 5
59 24 4
60 24 3
61 24 2
62 24 1
63 24 0
64 31 7
65 31 6
66 31 5
67 31 4
68 31 3
69 31 2
70 31 1
71 31 0
72 30 7
73 30 6
74 30 5
75 30 4
76 30 3
77 30 2
78 30 1
79 30 0
80 29 7
81 29 6
82 29 5
83 29 4
84 29 3
85 29 2
86 29 1
87 29 0
88 28 7
89 28 6
90 28 5
91 28 4
92 28 3
93 28 2
94 28 1
95 28 0
