XY 0 0 42.952589
XY 0 1 62.497278
XY 0 2 62.114321
XY 0 3 60.900713
XY 0 4 61.092164
XY 0 5 60.275706
XY 0 6 63.175563
XY 0 7 -1.000000
XY 1 0 65.738449
XY 1 1 72.365476
XY 1 2 65.236052
XY 1 3 65.317940
XY 1 4 75.430994
XY 1 5 66.150803
XY 1 6 71.322816
XY 1 7 57.472267
XY 2 0 62.354600
XY 2 1 64.095354
XY 2 2 73.264058
XY 2 3 60.856609
XY 2 4 66.509788
XY 2 5 70.215088
XY 2 6 67.917396
XY 2 7 62.859377
XY 3 0 65.373508
XY 3 1 58.116856
XY 3 2 71.738948
XY 3 3 73.262319
XY 3 4 67.315784
XY 3 5 68.354307
XY 3 6 64.757944
XY 3 7 65.778066
XY 4 0 34.004741
XY 4 1 -1.000000
XY 4 2 62.308674
XY 4 3 66.529006
XY 4 4 50.113384
XY 4 5 65.358320
XY 4 6 74.202660
XY 4 7 60.222768
XY 5 0 69.325957
XY 5 1 64.830600
XY 5 2 74.922580
XY 5 3 75.742020
XY 5 4 71.865097
XY 5 5 80.689951
XY 5 6 72.148837
XY 5 7 67.546829
XY 6 0 57.202530
XY 6 1 67.200433
XY 6 2 67.531142
XY 6 3 65.588088
XY 6 4 61.120953
XY 6 5 71.125337
XY 6 6 68.931622
XY 6 7 64.062836
XY 7 0 64.760889
XY 7 1 70.502098
XY 7 2 73.916328
XY 7 3 77.560849
XY 7 4 73.145798
XY 7 5 81.456704
XY 7 6 71.546606
XY 7 7 69.025477
XY 8 0 56.555627
XY 8 1 66.695402
XY 8 2 68.397703
XY 8 3 72.152021
XY 8 4 -1.000000
XY 8 5 71.494448
XY 8 6 70.136110
XY 8 7 54.587412
XY 9 0 63.474712
XY 9 1 65.914075
XY 9 2 68.947404
XY 9 3 69.001556
XY 9 4 -1.000000
XY 9 5 66.663668
XY 9 6 69.706847
XY 9 7 61.807129
XY 10 0 62.067907
XY 10 1 63.799391
XY 10 2 63.006135
XY 10 3 76.742788
XY 10 4 42.757434
XY 10 5 72.406098
XY 10 6 74.557601
XY 10 7 62.408354
XY 11 0 63.953661
XY 11 1 64.096565
XY 11 2 67.831356
XY 11 3 65.105191
XY 11 4 -1.000000
XY 11 5 75.645710
XY 11 6 69.791827
XY 11 7 57.969625
XY 12 0 54.286160
XY 12 1 58.809730
XY 12 2 68.172762
XY 12 3 68.313397
XY 12 4 52.540161
XY 12 5 74.263472
XY 12 6 68.991580
XY 12 7 54.449761
XY 13 0 61.926912
XY 13 1 68.827516
XY 13 2 74.462853
XY 13 3 70.288026
XY 13 4 -1.000000
XY 13 5 74.191319
XY 13 6 64.988476
XY 13 7 54.216458
XY 14 0 60.548845
XY 14 1 69.137085
XY 14 2 67.564376
XY 14 3 69.405557
XY 14 4 69.020867
XY 14 5 71.163274
XY 14 6 61.988406
XY 14 7 59.525966
XY 15 0 61.841114
XY 15 1 66.970755
XY 15 2 70.863677
XY 15 3 67.874273
XY 15 4 -1.000000
XY 15 5 79.111076
XY 15 6 71.663054
XY 15 7 55.961801
XY 16 0 58.485822
XY 16 1 54.928130
XY 16 2 69.460842
XY 16 3 67.515497
XY 16 4 61.661666
XY 16 5 61.633266
XY 16 6 74.085041
XY 16 7 65.381131
XY 17 0 59.786132
XY 17 1 65.219731
XY 17 2 46.981248
XY 17 3 66.906638
XY 17 4 65.963789
XY 17 5 67.611775
XY 17 6 60.222810
XY 17 7 63.833283
XY 18 0 62.954239
XY 18 1 64.775283
XY 18 2 85.340248
XY 18 3 67.098864
XY 18 4 72.498487
XY 18 5 68.183833
XY 18 6 66.036946
XY 18 7 66.371580
XY 19 0 58.538844
XY 19 1 60.670921
XY 19 2 68.888346
XY 19 3 67.694342
XY 19 4 68.927457
XY 19 5 64.725198
XY 19 6 63.549749
XY 19 7 55.092501
XY 20 0 59.734594
XY 20 1 44.481965
XY 20 2 70.599423
XY 20 3 70.664046
XY 20 4 61.229738
XY 20 5 74.611351
XY 20 6 70.307566
XY 20 7 58.441315
XY 21 0 62.704923
XY 21 1 60.753240
XY 21 2 78.964587
XY 21 3 70.963794
XY 21 4 65.388002
XY 21 5 68.932508
XY 21 6 72.571646
XY 21 7 57.145839
XY 22 0 61.582991
XY 22 1 47.081043
XY 22 2 69.432987
XY 22 3 -1.000000
XY 22 4 63.703920
XY 22 5 -1.000000
XY 22 6 66.618306
XY 22 7 60.087992
XY 23 0 63.392255
XY 23 1 56.454630
XY 23 2 61.595550
XY 23 3 59.449615
XY 23 4 65.717233
XY 23 5 67.867599
XY 23 6 79.673191
XY 23 7 66.327539
XZ 0 0 49.404152
XZ 0 1 40.605380
XZ 0 2 68.561910
XZ 0 3 58.833060
XZ 0 4 52.863375
XZ 0 5 65.304340
XZ 0 6 48.071020
XZ 0 7 59.393618
XZ 0 8 58.936129
XZ 0 9 74.536396
XZ 0 10 70.093418
XZ 0 11 68.699018
XZ 0 12 20.643569
XZ 0 13 64.139866
XZ 0 14 59.707260
XZ 0 15 69.514654
XZ 0 16 56.079536
XZ 0 17 63.233397
XZ 0 18 74.095163
XZ 0 19 63.378383
XZ 0 20 64.159417
XZ 0 21 50.932353
XZ 0 22 70.474547
XZ 0 23 68.631407
XZ 0 24 49.095737
XZ 0 25 20.451304
XZ 0 26 58.652845
XZ 0 27 77.752880
XZ 0 28 57.059427
XZ 0 29 78.111065
XZ 0 30 63.397761
XZ 0 31 63.755397
XZ 0 32 70.815467
XZ 0 33 79.739720
XZ 0 34 67.007238
XZ 0 35 66.003002
XZ 0 36 61.420151
XZ 0 37 69.374450
XZ 0 38 63.540433
XZ 0 39 70.480528
XZ 0 40 48.058409
XZ 0 41 77.080074
XZ 0 42 68.117500
XZ 0 43 70.690147
XZ 0 44 75.885658
XZ 0 45 60.400085
XZ 0 46 70.388990
XZ 0 47 62.242342
XZ 1 0 53.008579
XZ 1 1 66.838331
XZ 1 2 70.529784
XZ 1 3 73.085081
XZ 1 4 71.404447
XZ 1 5 66.898740
XZ 1 6 67.323866
XZ 1 7 73.531674
XZ 1 8 65.301975
XZ 1 9 86.189446
XZ 1 10 70.070054
XZ 1 11 85.943782
XZ 1 12 76.615389
XZ 1 13 62.853333
XZ 1 14 65.327757
XZ 1 15 72.989628
XZ 1 16 64.161608
XZ 1 17 74.090611
XZ 1 18 62.585859
XZ 1 19 67.610152
XZ 1 20 65.026838
XZ 1 21 69.857532
XZ 1 22 86.649122
XZ 1 23 78.859890
XZ 1 24 53.181609
XZ 1 25 89.849931
XZ 1 26 82.960144
XZ 1 27 86.344089
XZ 1 28 73.384578
XZ 1 29 84.095917
XZ 1 30 73.958342
XZ 1 31 75.305700
XZ 1 32 87.472057
XZ 1 33 77.766119
XZ 1 34 63.603984
XZ 1 35 86.132656
XZ 1 36 78.265525
XZ 1 37 81.985310
XZ 1 38 68.165786
XZ 1 39 79.259767
XZ 1 40 73.729279
XZ 1 41 68.026904
XZ 1 42 55.114236
XZ 1 43 74.036108
XZ 1 44 77.241029
XZ 1 45 62.730661
XZ 1 46 68.895036
XZ 1 47 56.503587
XZ 2 0 61.118988
XZ 2 1 73.668893
XZ 2 2 70.132736
XZ 2 3 71.814520
XZ 2 4 68.963848
XZ 2 5 73.985957
XZ 2 6 79.065974
XZ 2 7 77.348323
XZ 2 8 63.207180
XZ 2 9 83.275199
XZ 2 10 77.952396
XZ 2 11 84.970508
XZ 2 12 64.780651
XZ 2 13 79.115413
XZ 2 14 51.835655
XZ 2 15 79.040377
XZ 2 16 82.660656
XZ 2 17 78.568663
XZ 2 18 77.004597
XZ 2 19 86.613851
XZ 2 20 83.350112
XZ 2 21 66.940381
XZ 2 22 81.936091
XZ 2 23 62.663055
XZ 2 24 85.178822
XZ 2 25 94.812458
XZ 2 26 81.216074
XZ 2 27 93.659791
XZ 2 28 92.976644
XZ 2 29 85.493201
XZ 2 30 77.756762
XZ 2 31 77.491080
XZ 2 32 68.776921
XZ 2 33 85.245070
XZ 2 34 63.999723
XZ 2 35 72.325474
XZ 2 36 73.736461
XZ 2 37 78.349709
XZ 2 38 81.313789
XZ 2 39 77.978538
XZ 2 40 66.342180
XZ 2 41 71.716815
XZ 2 42 85.408403
XZ 2 43 65.029916
XZ 2 44 68.063862
XZ 2 45 78.839600
XZ 2 46 85.469379
XZ 2 47 67.499129
XZ 3 0 62.966580
XZ 3 1 52.781051
XZ 3 2 69.238885
XZ 3 3 73.771792
XZ 3 4 65.564726
XZ 3 5 74.746863
XZ 3 6 73.088053
XZ 3 7 76.717564
XZ 3 8 79.523223
XZ 3 9 74.794844
XZ 3 10 67.204768
XZ 3 11 91.546028
XZ 3 12 76.249471
XZ 3 13 86.239353
XZ 3 14 70.192307
XZ 3 15 70.462042
XZ 3 16 88.686833
XZ 3 17 61.539279
XZ 3 18 76.792592
XZ 3 19 91.912596
XZ 3 20 81.058316
XZ 3 21 55.914517
XZ 3 22 86.463590
XZ 3 23 59.094796
XZ 3 24 71.775963
XZ 3 25 86.921097
XZ 3 26 79.494333
XZ 3 27 77.075206
XZ 3 28 77.004134
XZ 3 29 78.188182
XZ 3 30 92.574866
XZ 3 31 67.528717
XZ 3 32 77.993030
XZ 3 33 58.445714
XZ 3 34 61.350873
XZ 3 35 82.007355
XZ 3 36 91.417390
XZ 3 37 67.566053
XZ 3 38 67.781799
XZ 3 39 85.631599
XZ 3 40 74.070765
XZ 3 41 73.002649
XZ 3 42 42.394174
XZ 3 43 75.507782
XZ 3 44 85.946535
XZ 3 45 73.990472
XZ 3 46 74.668888
XZ 3 47 57.644104
XZ 4 0 61.750424
XZ 4 1 53.178172
XZ 4 2 69.904157
XZ 4 3 75.963950
XZ 4 4 56.482597
XZ 4 5 82.206843
XZ 4 6 70.013932
XZ 4 7 72.240815
XZ 4 8 83.769397
XZ 4 9 77.984981
XZ 4 10 85.329858
XZ 4 11 85.698002
XZ 4 12 71.007353
XZ 4 13 83.923716
XZ 4 14 70.744816
XZ 4 15 85.860341
XZ 4 16 70.863996
XZ 4 17 65.668741
XZ 4 18 53.876654
XZ 4 19 80.526559
XZ 4 20 72.746217
XZ 4 21 70.923094
XZ 4 22 85.505729
XZ 4 23 77.636810
XZ 4 24 90.195662
XZ 4 25 64.269990
XZ 4 26 78.664608
XZ 4 27 78.717105
XZ 4 28 77.186537
XZ 4 29 77.521389
XZ 4 30 60.079757
XZ 4 31 71.569348
XZ 4 32 61.630974
XZ 4 33 70.613464
XZ 4 34 72.058275
XZ 4 35 83.677643
XZ 4 36 74.534913
XZ 4 37 69.461800
XZ 4 38 85.769160
XZ 4 39 58.657179
XZ 4 40 76.823304
XZ 4 41 73.752901
XZ 4 42 65.058620
XZ 4 43 77.987478
XZ 4 44 63.422907
XZ 4 45 83.531274
XZ 4 46 67.251273
XZ 4 47 73.775060
XZ 5 0 47.718945
XZ 5 1 55.060283
XZ 5 2 76.971167
XZ 5 3 67.990891
XZ 5 4 67.504880
XZ 5 5 72.815908
XZ 5 6 78.468324
XZ 5 7 76.701662
XZ 5 8 72.367580
XZ 5 9 77.724376
XZ 5 10 74.802823
XZ 5 11 83.410670
XZ 5 12 75.994247
XZ 5 13 84.913118
XZ 5 14 76.231847
XZ 5 15 81.649420
XZ 5 16 66.651814
XZ 5 17 63.132821
XZ 5 18 78.591210
XZ 5 19 76.653544
XZ 5 20 93.138534
XZ 5 21 87.409544
XZ 5 22 77.606264
XZ 5 23 79.651912
XZ 5 24 75.583164
XZ 5 25 91.657869
XZ 5 26 103.085013
XZ 5 27 89.121817
XZ 5 28 75.488916
XZ 5 29 82.935806
XZ 5 30 76.736912
XZ 5 31 73.929037
XZ 5 32 75.877492
XZ 5 33 71.536576
XZ 5 34 75.632808
XZ 5 35 72.797932
XZ 5 36 88.066782
XZ 5 37 90.933497
XZ 5 38 74.067465
XZ 5 39 86.550510
XZ 5 40 80.920665
XZ 5 41 66.926482
XZ 5 42 77.150340
XZ 5 43 66.598919
XZ 5 44 66.647731
XZ 5 45 79.697000
XZ 5 46 68.207210
XZ 5 47 52.444449
XZ 6 0 48.972422
XZ 6 1 74.877472
XZ 6 2 74.293062
XZ 6 3 61.914145
XZ 6 4 69.287837
XZ 6 5 77.033414
XZ 6 6 76.108455
XZ 6 7 71.419777
XZ 6 8 80.968161
XZ 6 9 91.034362
XZ 6 10 69.582968
XZ 6 11 86.689212
XZ 6 12 56.599755
XZ 6 13 85.523678
XZ 6 14 68.298586
XZ 6 15 82.293542
XZ 6 16 82.457506
XZ 6 17 84.016216
XZ 6 18 72.686805
XZ 6 19 62.510173
XZ 6 20 81.346325
XZ 6 21 77.660393
XZ 6 22 80.514440
XZ 6 23 80.967219
XZ 6 24 85.925438
XZ 6 25 83.219180
XZ 6 26 96.058235
XZ 6 27 78.270962
XZ 6 28 72.180649
XZ 6 29 81.223135
XZ 6 30 72.779630
XZ 6 31 75.150522
XZ 6 32 83.276118
XZ 6 33 92.041888
XZ 6 34 84.128367
XZ 6 35 93.044777
XZ 6 36 81.130909
XZ 6 37 82.166903
XZ 6 38 73.782267
XZ 6 39 73.357936
XZ 6 40 74.375013
XZ 6 41 80.275226
XZ 6 42 76.302833
XZ 6 43 86.315836
XZ 6 44 76.592435
XZ 6 45 81.537146
XZ 6 46 71.536536
XZ 6 47 78.723019
XZ 7 0 48.662954
XZ 7 1 65.210510
XZ 7 2 65.780525
XZ 7 3 77.718941
XZ 7 4 78.700859
XZ 7 5 73.648981
XZ 7 6 72.634566
XZ 7 7 77.559363
XZ 7 8 68.935101
XZ 7 9 98.086704
XZ 7 10 82.990033
XZ 7 11 80.583912
XZ 7 12 64.478143
XZ 7 13 81.204797
XZ 7 14 63.039741
XZ 7 15 71.227784
XZ 7 16 74.527754
XZ 7 17 86.234681
XZ 7 18 66.670050
XZ 7 19 77.333418
XZ 7 20 75.894144
XZ 7 21 78.129676
XZ 7 22 44.892361
XZ 7 23 -1.000000
XZ 7 24 71.079757
XZ 7 25 76.921024
XZ 7 26 83.172882
XZ 7 27 97.026961
XZ 7 28 69.639393
XZ 7 29 77.905862
XZ 7 30 85.086522
XZ 7 31 92.229118
XZ 7 32 78.567127
XZ 7 33 67.246194
XZ 7 34 74.814832
XZ 7 35 62.800202
XZ 7 36 78.659454
XZ 7 37 75.151825
XZ 7 38 47.572620
XZ 7 39 68.944265
XZ 7 40 79.098261
XZ 7 41 60.022430
XZ 7 42 59.381411
XZ 7 43 82.140935
XZ 7 44 71.976386
XZ 7 45 75.054812
XZ 7 46 81.690879
XZ 7 47 66.026734
XZ 8 0 53.083479
XZ 8 1 77.206608
XZ 8 2 73.884843
XZ 8 3 78.482727
XZ 8 4 66.849743
XZ 8 5 72.993382
XZ 8 6 71.419183
XZ 8 7 86.388936
XZ 8 8 69.742302
XZ 8 9 83.064189
XZ 8 10 79.213468
XZ 8 11 92.026439
XZ 8 12 87.327837
XZ 8 13 79.358128
XZ 8 14 70.608118
XZ 8 15 79.068674
XZ 8 16 85.913484
XZ 8 17 73.813053
XZ 8 18 72.777346
XZ 8 19 90.823674
XZ 8 20 78.993051
XZ 8 21 73.302191
XZ 8 22 74.005289
XZ 8 23 66.472326
XZ 8 24 88.065954
XZ 8 25 87.528262
XZ 8 26 80.171461
XZ 8 27 93.667045
XZ 8 28 95.087389
XZ 8 29 61.896241
XZ 8 30 80.310559
XZ 8 31 70.060775
XZ 8 32 65.290534
XZ 8 33 70.162848
XZ 8 34 65.517354
XZ 8 35 76.731531
XZ 8 36 75.651313
XZ 8 37 67.769810
XZ 8 38 71.733594
XZ 8 39 66.205963
XZ 8 40 73.607411
XZ 8 41 72.804795
XZ 8 42 63.168575
XZ 8 43 85.102040
XZ 8 44 62.154240
XZ 8 45 75.478943
XZ 8 46 76.992968
XZ 8 47 50.832651
XZ 9 0 57.586984
XZ 9 1 75.433724
XZ 9 2 71.044930
XZ 9 3 74.696431
XZ 9 4 66.680182
XZ 9 5 77.800979
XZ 9 6 81.748618
XZ 9 7 86.286965
XZ 9 8 66.223508
XZ 9 9 83.979689
XZ 9 10 77.219982
XZ 9 11 85.948747
XZ 9 12 76.857951
XZ 9 13 79.993037
XZ 9 14 78.330772
XZ 9 15 59.405412
XZ 9 16 81.420855
XZ 9 17 82.542329
XZ 9 18 56.160406
XZ 9 19 80.876641
XZ 9 20 87.942644
XZ 9 21 67.471808
XZ 9 22 78.986421
XZ 9 23 61.466270
XZ 9 24 95.810915
XZ 9 25 82.051490
XZ 9 26 91.926060
XZ 9 27 70.971911
XZ 9 28 86.150751
XZ 9 29 63.454841
XZ 9 30 90.242331
XZ 9 31 84.144980
XZ 9 32 61.885824
XZ 9 33 70.721175
XZ 9 34 69.128873
XZ 9 35 70.319653
XZ 9 36 66.675968
XZ 9 37 72.311125
XZ 9 38 72.949790
XZ 9 39 67.809189
XZ 9 40 71.406983
XZ 9 41 72.429954
XZ 9 42 72.266770
XZ 9 43 78.313574
XZ 9 44 78.789400
XZ 9 45 81.126282
XZ 9 46 74.901247
XZ 9 47 74.501466
XZ 10 0 49.045861
XZ 10 1 74.624889
XZ 10 2 64.013914
XZ 10 3 80.650146
XZ 10 4 75.317420
XZ 10 5 81.425289
XZ 10 6 80.258914
XZ 10 7 73.233148
XZ 10 8 86.734353
XZ 10 9 87.518528
XZ 10 10 81.750319
XZ 10 11 75.349746
XZ 10 12 65.109333
XZ 10 13 82.105831
XZ 10 14 66.260427
XZ 10 15 81.855982
XZ 10 16 59.530918
XZ 10 17 87.027462
XZ 10 18 61.871901
XZ 10 19 73.114014
XZ 10 20 67.406214
XZ 10 21 72.325855
XZ 10 22 54.555630
XZ 10 23 77.475125
XZ 10 24 60.476921
XZ 10 25 57.041104
XZ 10 26 41.791194
XZ 10 27 83.962280
XZ 10 28 78.041200
XZ 10 29 74.257347
XZ 10 30 70.465867
XZ 10 31 66.758674
XZ 10 32 70.637603
XZ 10 33 79.435726
XZ 10 34 70.053455
XZ 10 35 70.432988
XZ 10 36 70.134653
XZ 10 37 74.091004
XZ 10 38 65.364874
XZ 10 39 66.506511
XZ 10 40 59.036971
XZ 10 41 76.825607
XZ 10 42 71.922735
XZ 10 43 73.870014
XZ 10 44 68.860755
XZ 10 45 81.179062
XZ 10 46 70.206810
XZ 10 47 69.907571
XZ 11 0 65.460645
XZ 11 1 67.237224
XZ 11 2 80.293651
XZ 11 3 72.772141
XZ 11 4 75.429287
XZ 11 5 79.960376
XZ 11 6 68.543611
XZ 11 7 78.442963
XZ 11 8 64.555351
XZ 11 9 86.146767
XZ 11 10 86.297494
XZ 11 11 89.965185
XZ 11 12 64.046648
XZ 11 13 88.928673
XZ 11 14 65.449788
XZ 11 15 72.852711
XZ 11 16 72.405192
XZ 11 17 71.327375
XZ 11 18 67.071010
XZ 11 19 68.846714
XZ 11 20 82.458336
XZ 11 21 76.710612
XZ 11 22 71.896088
XZ 11 23 65.214643
XZ 11 24 72.492805
XZ 11 25 78.073600
XZ 11 26 74.582935
XZ 11 27 97.239752
XZ 11 28 69.217937
XZ 11 29 70.852850
XZ 11 30 62.023716
XZ 11 31 71.970797
XZ 11 32 51.630635
XZ 11 33 72.644962
XZ 11 34 68.273211
XZ 11 35 84.558186
XZ 11 36 64.716861
XZ 11 37 78.828976
XZ 11 38 67.841282
XZ 11 39 74.946548
XZ 11 40 63.825336
XZ 11 41 73.945210
XZ 11 42 74.661325
XZ 11 43 75.306704
XZ 11 44 83.211792
XZ 11 45 80.191851
XZ 11 46 66.508286
XZ 11 47 67.876028
XZ 12 0 50.027824
XZ 12 1 68.866061
XZ 12 2 71.578543
XZ 12 3 61.667197
XZ 12 4 72.896570
XZ 12 5 75.550989
XZ 12 6 68.226058
XZ 12 7 78.849027
XZ 12 8 85.073940
XZ 12 9 85.027078
XZ 12 10 77.529173
XZ 12 11 85.645733
XZ 12 12 71.253366
XZ 12 13 71.049753
XZ 12 14 84.233365
XZ 12 15 76.690070
XZ 12 16 62.139855
XZ 12 17 91.760743
XZ 12 18 59.283491
XZ 12 19 60.125469
XZ 12 20 60.490574
XZ 12 21 68.950672
XZ 12 22 89.357742
XZ 12 23 78.597143
XZ 12 24 89.386970
XZ 12 25 69.653729
XZ 12 26 77.817101
XZ 12 27 84.892129
XZ 12 28 83.196697
XZ 12 29 85.263340
XZ 12 30 79.113759
XZ 12 31 78.741605
XZ 12 32 72.559576
XZ 12 33 80.987136
XZ 12 34 57.280478
XZ 12 35 74.159217
XZ 12 36 70.293903
XZ 12 37 79.898143
XZ 12 38 81.416128
XZ 12 39 87.112834
XZ 12 40 73.850956
XZ 12 41 70.648134
XZ 12 42 59.821382
XZ 12 43 75.551638
XZ 12 44 73.396615
XZ 12 45 83.856794
XZ 12 46 68.234582
XZ 12 47 76.178050
XZ 13 0 -1.000000
XZ 13 1 73.747438
XZ 13 2 59.027005
XZ 13 3 80.532928
XZ 13 4 60.802543
XZ 13 5 82.935926
XZ 13 6 62.836885
XZ 13 7 79.370793
XZ 13 8 80.682455
XZ 13 9 85.531412
XZ 13 10 73.510907
XZ 13 11 90.759044
XZ 13 12 61.660847
XZ 13 13 84.777278
XZ 13 14 73.545506
XZ 13 15 73.992771
XZ 13 16 67.536550
XZ 13 17 79.310315
XZ 13 18 60.098457
XZ 13 19 76.504042
XZ 13 20 78.232446
XZ 13 21 68.427445
XZ 13 22 57.659301
XZ 13 23 72.343428
XZ 13 24 89.482767
XZ 13 25 68.100530
XZ 13 26 84.412640
XZ 13 27 78.328235
XZ 13 28 67.181458
XZ 13 29 73.645839
XZ 13 30 68.904594
XZ 13 31 60.762968
XZ 13 32 71.280898
XZ 13 33 88.375553
XZ 13 34 76.942863
XZ 13 35 76.012428
XZ 13 36 72.729083
XZ 13 37 77.014885
XZ 13 38 71.742934
XZ 13 39 82.765900
XZ 13 40 69.251618
XZ 13 41 61.973393
XZ 13 42 73.990824
XZ 13 43 55.951622
XZ 13 44 80.735034
XZ 13 45 73.147590
XZ 13 46 74.885195
XZ 13 47 62.480212
XZ 14 0 47.790486
XZ 14 1 57.890654
XZ 14 2 61.965874
XZ 14 3 86.855470
XZ 14 4 69.257836
XZ 14 5 78.647045
XZ 14 6 75.143937
XZ 14 7 84.455399
XZ 14 8 79.950153
XZ 14 9 87.294373
XZ 14 10 70.988145
XZ 14 11 81.311937
XZ 14 12 61.698725
XZ 14 13 85.526193
XZ 14 14 63.556828
XZ 14 15 83.074469
XZ 14 16 47.470240
XZ 14 17 56.004421
XZ 14 18 65.111998
XZ 14 19 87.010778
XZ 14 20 58.526805
XZ 14 21 62.262834
XZ 14 22 80.742581
XZ 14 23 67.046722
XZ 14 24 95.108290
XZ 14 25 102.586057
XZ 14 26 103.967530
XZ 14 27 111.398628
XZ 14 28 61.491165
XZ 14 29 69.798839
XZ 14 30 80.544661
XZ 14 31 98.979823
XZ 14 32 73.528181
XZ 14 33 70.101518
XZ 14 34 70.935191
XZ 14 35 72.320560
XZ 14 36 67.054446
XZ 14 37 71.309081
XZ 14 38 96.163718
XZ 14 39 47.933699
XZ 14 40 79.268829
XZ 14 41 61.456933
XZ 14 42 68.316825
XZ 14 43 64.894610
XZ 14 44 65.306659
XZ 14 45 79.086225
XZ 14 46 67.220714
XZ 14 47 70.419996
XZ 15 0 57.847073
XZ 15 1 74.039507
XZ 15 2 63.361356
XZ 15 3 79.555709
XZ 15 4 71.713254
XZ 15 5 95.482499
XZ 15 6 -1.000000
XZ 15 7 82.773358
XZ 15 8 76.147091
XZ 15 9 91.862871
XZ 15 10 72.611614
XZ 15 11 90.182046
XZ 15 12 79.421261
XZ 15 13 76.419618
XZ 15 14 63.752242
XZ 15 15 92.382975
XZ 15 16 59.957021
XZ 15 17 51.945151
XZ 15 18 85.644855
XZ 15 19 73.055968
XZ 15 20 47.894804
XZ 15 21 76.098089
XZ 15 22 -1.000000
XZ 15 23 -1.000000
XZ 15 24 66.916388
XZ 15 25 78.531025
XZ 15 26 85.274726
XZ 15 27 94.438385
XZ 15 28 81.131628
XZ 15 29 82.982674
XZ 15 30 69.127315
XZ 15 31 82.082380
XZ 15 32 63.813250
XZ 15 33 71.697708
XZ 15 34 72.154456
XZ 15 35 93.101238
XZ 15 36 76.355708
XZ 15 37 72.719965
XZ 15 38 61.596457
XZ 15 39 73.168506
XZ 15 40 81.950031
XZ 15 41 57.397751
XZ 15 42 73.575342
XZ 15 43 66.649753
XZ 15 44 70.734516
XZ 15 45 74.788992
XZ 15 46 68.484898
XZ 15 47 71.889522
XZ 16 0 51.826605
XZ 16 1 72.828095
XZ 16 2 53.944334
XZ 16 3 71.864286
XZ 16 4 67.680898
XZ 16 5 50.109401
XZ 16 6 69.469482
XZ 16 7 75.991545
XZ 16 8 69.740427
XZ 16 9 83.218281
XZ 16 10 81.924468
XZ 16 11 87.037042
XZ 16 12 74.981018
XZ 16 13 67.000078
XZ 16 14 79.450329
XZ 16 15 74.684522
XZ 16 16 63.413586
XZ 16 17 31.643824
XZ 16 18 91.774310
XZ 16 19 73.506631
XZ 16 20 80.714827
XZ 16 21 77.424412
XZ 16 22 94.327670
XZ 16 23 78.019878
XZ 16 24 74.543516
XZ 16 25 71.732705
XZ 16 26 83.936678
XZ 16 27 85.258163
XZ 16 28 70.018797
XZ 16 29 63.411710
XZ 16 30 63.072201
XZ 16 31 59.727990
XZ 16 32 67.706034
XZ 16 33 68.979138
XZ 16 34 72.168106
XZ 16 35 72.171209
XZ 16 36 77.739337
XZ 16 37 66.211833
XZ 16 38 82.648534
XZ 16 39 89.249345
XZ 16 40 78.111492
XZ 16 41 84.329403
XZ 16 42 63.625590
XZ 16 43 80.112117
XZ 16 44 72.176971
XZ 16 45 81.362252
XZ 16 46 78.276453
XZ 16 47 64.445616
XZ 17 0 62.306497
XZ 17 1 55.209974
XZ 17 2 74.733736
XZ 17 3 71.137854
XZ 17 4 64.752642
XZ 17 5 75.688439
XZ 17 6 76.580284
XZ 17 7 81.438211
XZ 17 8 75.921331
XZ 17 9 76.968987
XZ 17 10 91.990553
XZ 17 11 76.512541
XZ 17 12 67.568772
XZ 17 13 66.638026
XZ 17 14 74.441713
XZ 17 15 66.013636
XZ 17 16 91.396414
XZ 17 17 72.613672
XZ 17 18 67.628817
XZ 17 19 87.106182
XZ 17 20 66.422017
XZ 17 21 63.203197
XZ 17 22 66.920354
XZ 17 23 76.543349
XZ 17 24 81.649575
XZ 17 25 95.097030
XZ 17 26 73.035590
XZ 17 27 94.438039
XZ 17 28 67.561939
XZ 17 29 77.143966
XZ 17 30 70.004772
XZ 17 31 82.475150
XZ 17 32 56.808030
XZ 17 33 73.285509
XZ 17 34 84.494356
XZ 17 35 64.911293
XZ 17 36 72.305258
XZ 17 37 80.862759
XZ 17 38 67.113093
XZ 17 39 79.549327
XZ 17 40 67.090478
XZ 17 41 62.931624
XZ 17 42 94.129157
XZ 17 43 71.045919
XZ 17 44 64.403007
XZ 17 45 77.477914
XZ 17 46 75.511840
XZ 17 47 79.333201
XZ 18 0 63.579955
XZ 18 1 74.210117
XZ 18 2 67.677531
XZ 18 3 70.406956
XZ 18 4 70.960909
XZ 18 5 68.078205
XZ 18 6 82.376215
XZ 18 7 78.393258
XZ 18 8 79.079030
XZ 18 9 74.506265
XZ 18 10 83.179254
XZ 18 11 84.947285
XZ 18 12 90.055354
XZ 18 13 80.297876
XZ 18 14 89.042306
XZ 18 15 76.513942
XZ 18 16 88.855954
XZ 18 17 78.683218
XZ 18 18 77.098547
XZ 18 19 70.520640
XZ 18 20 87.354391
XZ 18 21 80.145915
XZ 18 22 67.359885
XZ 18 23 104.887375
XZ 18 24 84.358139
XZ 18 25 73.897234
XZ 18 26 78.466517
XZ 18 27 106.164566
XZ 18 28 105.202651
XZ 18 29 82.426073
XZ 18 30 81.580120
XZ 18 31 80.430902
XZ 18 32 72.716014
XZ 18 33 81.796382
XZ 18 34 69.229232
XZ 18 35 59.781269
XZ 18 36 73.600718
XZ 18 37 87.390264
XZ 18 38 70.187550
XZ 18 39 75.255472
XZ 18 40 66.413156
XZ 18 41 97.527241
XZ 18 42 21.060487
XZ 18 43 72.659985
XZ 18 44 60.216707
XZ 18 45 81.312580
XZ 18 46 63.407791
XZ 18 47 60.288469
XZ 19 0 64.843247
XZ 19 1 69.010586
XZ 19 2 62.600061
XZ 19 3 80.184406
XZ 19 4 59.990085
XZ 19 5 82.148180
XZ 19 6 78.368788
XZ 19 7 78.287515
XZ 19 8 78.306251
XZ 19 9 74.773333
XZ 19 10 77.503977
XZ 19 11 77.838072
XZ 19 12 71.008459
XZ 19 13 72.046347
XZ 19 14 73.632915
XZ 19 15 80.369985
XZ 19 16 62.937626
XZ 19 17 62.943131
XZ 19 18 67.255172
XZ 19 19 62.135726
XZ 19 20 85.648023
XZ 19 21 59.712556
XZ 19 22 76.605043
XZ 19 23 81.616088
XZ 19 24 57.629067
XZ 19 25 84.900859
XZ 19 26 77.972743
XZ 19 27 91.676185
XZ 19 28 88.506702
XZ 19 29 77.679373
XZ 19 30 81.592375
XZ 19 31 76.663832
XZ 19 32 65.780778
XZ 19 33 60.141853
XZ 19 34 74.969054
XZ 19 35 73.974034
XZ 19 36 71.787955
XZ 19 37 73.388689
XZ 19 38 75.701256
XZ 19 39 62.194979
XZ 19 40 73.535276
XZ 19 41 90.011425
XZ 19 42 65.019346
XZ 19 43 70.101993
XZ 19 44 76.892100
XZ 19 45 76.592449
XZ 19 46 74.615539
XZ 19 47 81.554343
XZ 20 0 56.635301
XZ 20 1 70.696075
XZ 20 2 65.507437
XZ 20 3 70.472949
XZ 20 4 54.946560
XZ 20 5 73.037675
XZ 20 6 80.367834
XZ 20 7 68.891706
XZ 20 8 73.129535
XZ 20 9 83.841237
XZ 20 10 92.973611
XZ 20 11 99.214808
XZ 20 12 59.795003
XZ 20 13 89.694559
XZ 20 14 74.767790
XZ 20 15 74.729413
XZ 20 16 61.463479
XZ 20 17 83.932816
XZ 20 18 86.785207
XZ 20 19 72.907821
XZ 20 20 97.998730
XZ 20 21 73.451905
XZ 20 22 61.915521
XZ 20 23 77.219849
XZ 20 24 76.269741
XZ 20 25 94.917528
XZ 20 26 108.620273
XZ 20 27 23.427280
XZ 20 28 68.776201
XZ 20 29 -1.000000
XZ 20 30 81.120911
XZ 20 31 85.546040
XZ 20 32 72.428135
XZ 20 33 75.094062
XZ 20 34 66.222816
XZ 20 35 78.619776
XZ 20 36 75.015842
XZ 20 37 81.081989
XZ 20 38 88.606203
XZ 20 39 83.084394
XZ 20 40 76.293316
XZ 20 41 85.687410
XZ 20 42 72.914705
XZ 20 43 76.162770
XZ 20 44 74.826765
XZ 20 45 80.114943
XZ 20 46 66.215169
XZ 20 47 62.174566
XZ 21 0 56.978805
XZ 21 1 -1.000000
XZ 21 2 60.653435
XZ 21 3 70.080613
XZ 21 4 44.752443
XZ 21 5 79.993253
XZ 21 6 68.433447
XZ 21 7 81.939971
XZ 21 8 84.802787
XZ 21 9 84.920034
XZ 21 10 81.706059
XZ 21 11 90.448498
XZ 21 12 74.335083
XZ 21 13 85.819707
XZ 21 14 80.670941
XZ 21 15 80.068336
XZ 21 16 50.547670
XZ 21 17 82.317437
XZ 21 18 63.495676
XZ 21 19 78.263747
XZ 21 20 85.889178
XZ 21 21 72.009410
XZ 21 22 77.197982
XZ 21 23 86.328406
XZ 21 24 81.573785
XZ 21 25 85.465925
XZ 21 26 96.832138
XZ 21 27 97.772226
XZ 21 28 91.068037
XZ 21 29 80.569604
XZ 21 30 73.515009
XZ 21 31 79.706548
XZ 21 32 66.041005
XZ 21 33 85.241369
XZ 21 34 70.853944
XZ 21 35 74.457570
XZ 21 36 76.854035
XZ 21 37 71.942880
XZ 21 38 81.403799
XZ 21 39 63.665776
XZ 21 40 67.793959
XZ 21 41 89.634527
XZ 21 42 72.729117
XZ 21 43 88.958952
XZ 21 44 83.931208
XZ 21 45 76.966011
XZ 21 46 72.444558
XZ 21 47 72.981440
XZ 22 0 61.667874
XZ 22 1 65.030433
XZ 22 2 63.821128
XZ 22 3 79.181009
XZ 22 4 72.548761
XZ 22 5 79.486488
XZ 22 6 70.159667
XZ 22 7 74.580320
XZ 22 8 58.267659
XZ 22 9 86.466209
XZ 22 10 75.636128
XZ 22 11 81.835948
XZ 22 12 67.813315
XZ 22 13 83.187749
XZ 22 14 65.980644
XZ 22 15 71.999065
XZ 22 16 63.766049
XZ 22 17 86.292187
XZ 22 18 68.256398
XZ 22 19 79.006810
XZ 22 20 87.352236
XZ 22 21 85.499700
XZ 22 22 88.981582
XZ 22 23 67.482582
XZ 22 24 80.929510
XZ 22 25 89.987861
XZ 22 26 82.809389
XZ 22 27 85.594231
XZ 22 28 77.020054
XZ 22 29 62.279843
XZ 22 30 74.222929
XZ 22 31 72.354072
XZ 22 32 80.190372
XZ 22 33 83.805160
XZ 22 34 83.814624
XZ 22 35 76.708924
XZ 22 36 76.322074
XZ 22 37 66.358894
XZ 22 38 77.647053
XZ 22 39 85.934582
XZ 22 40 69.023942
XZ 22 41 66.236508
XZ 22 42 35.220740
XZ 22 43 64.143610
XZ 22 44 77.541776
XZ 22 45 67.937437
XZ 22 46 70.695206
XZ 22 47 52.276480
XZ 23 0 43.442344
XZ 23 1 57.188743
XZ 23 2 61.201221
XZ 23 3 73.037273
XZ 23 4 60.717727
XZ 23 5 70.987685
XZ 23 6 63.402731
XZ 23 7 69.070858
XZ 23 8 73.112824
XZ 23 9 72.405595
XZ 23 10 75.310996
XZ 23 11 71.158021
XZ 23 12 53.539708
XZ 23 13 72.972015
XZ 23 14 66.985678
XZ 23 15 64.688362
XZ 23 16 69.373911
XZ 23 17 38.874548
XZ 23 18 61.684954
XZ 23 19 80.253254
XZ 23 20 62.058066
XZ 23 21 69.003813
XZ 23 22 59.393464
XZ 23 23 -1.000000
XZ 23 24 65.101784
XZ 23 25 59.810993
XZ 23 26 73.746702
XZ 23 27 82.234353
XZ 23 28 61.001417
XZ 23 29 56.880335
XZ 23 30 46.124794
XZ 23 31 72.797196
XZ 23 32 62.167114
XZ 23 33 78.331989
XZ 23 34 69.499898
XZ 23 35 56.945666
XZ 23 36 61.371636
XZ 23 37 49.182614
XZ 23 38 62.456707
XZ 23 39 74.010451
XZ 23 40 53.438849
XZ 23 41 64.882722
XZ 23 42 60.043231
XZ 23 43 61.459972
XZ 23 44 74.866208
XZ 23 45 61.914991
XZ 23 46 66.703815
XZ 23 47 51.820014
ZY 0 0 43.364487
ZY 0 1 60.778298
ZY 0 2 71.759879
ZY 0 3 54.957533
ZY 0 4 68.597409
ZY 0 5 67.073359
ZY 0 6 83.194889
ZY 0 7 59.294307
ZY 1 0 57.100395
ZY 1 1 72.421149
ZY 1 2 64.098357
ZY 1 3 -1.000000
ZY 1 4 67.065138
ZY 1 5 66.456543
ZY 1 6 78.477112
ZY 1 7 60.362565
ZY 2 0 63.577406
ZY 2 1 84.594553
ZY 2 2 75.488399
ZY 2 3 65.644062
ZY 2 4 85.544845
ZY 2 5 79.277945
ZY 2 6 82.518252
ZY 2 7 68.127631
ZY 3 0 46.512954
ZY 3 1 75.804063
ZY 3 2 70.582914
ZY 3 3 76.752981
ZY 3 4 77.395681
ZY 3 5 82.430965
ZY 3 6 73.772427
ZY 3 7 59.142742
ZY 4 0 69.997193
ZY 4 1 71.800540
ZY 4 2 75.054581
ZY 4 3 77.676447
ZY 4 4 94.134975
ZY 4 5 86.781039
ZY 4 6 82.671099
ZY 4 7 76.488106
ZY 5 0 57.773854
ZY 5 1 71.401090
ZY 5 2 82.534937
ZY 5 3 72.262770
ZY 5 4 85.545240
ZY 5 5 72.237049
ZY 5 6 76.237008
ZY 5 7 65.192865
ZY 6 0 56.366735
ZY 6 1 77.755962
ZY 6 2 70.213040
ZY 6 3 79.066284
ZY 6 4 69.758257
ZY 6 5 76.709161
ZY 6 6 73.539076
ZY 6 7 87.338647
ZY 7 0 65.221037
ZY 7 1 81.010797
ZY 7 2 64.878216
ZY 7 3 77.430762
ZY 7 4 74.366772
ZY 7 5 89.603985
ZY 7 6 79.447145
ZY 7 7 66.278778
ZY 8 0 79.242017
ZY 8 1 83.888173
ZY 8 2 86.684041
ZY 8 3 92.529900
ZY 8 4 81.891733
ZY 8 5 96.272782
ZY 8 6 75.482112
ZY 8 7 65.749697
ZY 9 0 53.615158
ZY 9 1 73.036009
ZY 9 2 73.614582
ZY 9 3 56.438447
ZY 9 4 65.234433
ZY 9 5 77.393757
ZY 9 6 82.102839
ZY 9 7 58.203097
ZY 10 0 77.959476
ZY 10 1 86.824619
ZY 10 2 91.397890
ZY 10 3 85.382260
ZY 10 4 88.940667
ZY 10 5 88.075310
ZY 10 6 80.894397
ZY 10 7 74.196026
ZY 11 0 77.150962
ZY 11 1 71.348585
ZY 11 2 81.647892
ZY 11 3 76.392418
ZY 11 4 83.706121
ZY 11 5 88.827903
ZY 11 6 84.672953
ZY 11 7 64.598992
ZY 12 0 67.089843
ZY 12 1 67.633907
ZY 12 2 84.452338
ZY 12 3 96.513777
ZY 12 4 82.225912
ZY 12 5 94.896145
ZY 12 6 93.684124
ZY 12 7 71.535179
ZY 13 0 63.586131
ZY 13 1 77.991525
ZY 13 2 60.675120
ZY 13 3 74.286864
ZY 13 4 99.044420
ZY 13 5 96.543236
ZY 13 6 76.055105
ZY 13 7 57.344799
ZY 14 0 75.641966
ZY 14 1 87.299566
ZY 14 2 83.880805
ZY 14 3 98.273740
ZY 14 4 80.867173
ZY 14 5 84.860475
ZY 14 6 84.785323
ZY 14 7 69.252310
ZY 15 0 70.279308
ZY 15 1 78.069768
ZY 15 2 76.091519
ZY 15 3 77.461979
ZY 15 4 92.420690
ZY 15 5 89.639513
ZY 15 6 77.766387
ZY 15 7 60.904691
ZY 16 0 68.375259
ZY 16 1 71.356663
ZY 16 2 91.946621
ZY 16 3 87.013681
ZY 16 4 81.543886
ZY 16 5 68.456848
ZY 16 6 81.516928
ZY 16 7 69.637823
ZY 17 0 70.135654
ZY 17 1 71.625822
ZY 17 2 75.236731
ZY 17 3 85.720633
ZY 17 4 74.780785
ZY 17 5 79.482878
ZY 17 6 74.782891
ZY 17 7 67.399781
ZY 18 0 77.175608
ZY 18 1 79.376222
ZY 18 2 74.838049
ZY 18 3 86.959903
ZY 18 4 86.582424
ZY 18 5 80.783412
ZY 18 6 81.445874
ZY 18 7 70.763596
ZY 19 0 67.685090
ZY 19 1 77.657044
ZY 19 2 69.007132
ZY 19 3 69.751464
ZY 19 4 79.617983
ZY 19 5 74.747494
ZY 19 6 81.102444
ZY 19 7 83.163505
ZY 20 0 73.512432
ZY 20 1 85.893395
ZY 20 2 80.524535
ZY 20 3 90.288331
ZY 20 4 97.343338
ZY 20 5 72.953976
ZY 20 6 76.260097
ZY 20 7 66.041430
ZY 21 0 68.703852
ZY 21 1 95.408814
ZY 21 2 81.016995
ZY 21 3 85.429653
ZY 21 4 84.848122
ZY 21 5 85.979468
ZY 21 6 76.739413
ZY 21 7 64.768799
ZY 22 0 66.325705
ZY 22 1 88.286111
ZY 22 2 80.981618
ZY 22 3 80.142140
ZY 22 4 79.791980
ZY 22 5 78.184120
ZY 22 6 78.578409
ZY 22 7 79.840522
ZY 23 0 73.838869
ZY 23 1 67.251829
ZY 23 2 71.767233
ZY 23 3 86.799649
ZY 23 4 81.582860
ZY 23 5 84.677111
ZY 23 6 81.829888
ZY 23 7 67.337840
ZY 24 0 59.245741
ZY 24 1 82.878720
ZY 24 2 68.569852
ZY 24 3 83.709485
ZY 24 4 95.055119
ZY 24 5 91.843431
ZY 24 6 79.208710
ZY 24 7 69.102658
ZY 25 0 74.581643
ZY 25 1 91.320248
ZY 25 2 93.350637
ZY 25 3 82.548472
ZY 25 4 72.555620
ZY 25 5 90.069015
ZY 25 6 83.010965
ZY 25 7 64.928399
ZY 26 0 68.387292
ZY 26 1 80.010344
ZY 26 2 74.523124
ZY 26 3 84.241949
ZY 26 4 94.738291
ZY 26 5 87.668497
ZY 26 6 88.370441
ZY 26 7 77.322980
ZY 27 0 72.289481
ZY 27 1 74.518678
ZY 27 2 86.511683
ZY 27 3 87.727019
ZY 27 4 82.602572
ZY 27 5 87.237853
ZY 27 6 77.433079
ZY 27 7 69.665477
ZY 28 0 66.176571
ZY 28 1 90.348056
ZY 28 2 87.469849
ZY 28 3 65.616868
ZY 28 4 100.832795
ZY 28 5 99.864255
ZY 28 6 78.794843
ZY 28 7 79.496530
ZY 29 0 67.909032
ZY 29 1 83.003721
ZY 29 2 84.546253
ZY 29 3 79.608073
ZY 29 4 84.473435
ZY 29 5 89.865790
ZY 29 6 76.517550
ZY 29 7 71.432136
ZY 30 0 66.196939
ZY 30 1 83.406963
ZY 30 2 84.926952
ZY 30 3 93.038222
ZY 30 4 88.669550
ZY 30 5 87.522633
ZY 30 6 71.150220
ZY 30 7 83.701533
ZY 31 0 52.791855
ZY 31 1 75.096181
ZY 31 2 76.474063
ZY 31 3 80.745976
ZY 31 4 82.931543
ZY 31 5 77.938787
ZY 31 6 78.912079
ZY 31 7 68.837441
ZY 32 0 58.759100
ZY 32 1 81.411754
ZY 32 2 94.578287
ZY 32 3 78.063384
ZY 32 4 85.344354
ZY 32 5 91.178090
ZY 32 6 88.362045
ZY 32 7 71.397964
ZY 33 0 71.127714
ZY 33 1 67.433617
ZY 33 2 74.170810
ZY 33 3 82.040855
ZY 33 4 84.880827
ZY 33 5 84.135592
ZY 33 6 76.854108
ZY 33 7 60.533264
ZY 34 0 43.543077
ZY 34 1 49.899277
ZY 34 2 73.751051
ZY 34 3 87.231552
ZY 34 4 88.698611
ZY 34 5 69.796310
ZY 34 6 91.034416
ZY 34 7 61.859431
ZY 35 0 69.230035
ZY 35 1 71.582650
ZY 35 2 79.260471
ZY 35 3 86.985654
ZY 35 4 85.788948
ZY 35 5 81.756338
ZY 35 6 81.860036
ZY 35 7 -1.000000
ZY 36 0 60.721952
ZY 36 1 61.503782
ZY 36 2 87.125505
ZY 36 3 82.622778
ZY 36 4 91.424119
ZY 36 5 30.924490
ZY 36 6 93.471568
ZY 36 7 65.015569
ZY 37 0 81.644736
ZY 37 1 79.177150
ZY 37 2 75.782991
ZY 37 3 87.119082
ZY 37 4 95.145381
ZY 37 5 81.840498
ZY 37 6 79.275375
ZY 37 7 61.445096
ZY 38 0 69.248410
ZY 38 1 81.699576
ZY 38 2 73.457005
ZY 38 3 83.092071
ZY 38 4 83.727721
ZY 38 5 84.650591
ZY 38 6 83.776539
ZY 38 7 73.495859
ZY 39 0 75.020810
ZY 39 1 78.891485
ZY 39 2 90.259550
ZY 39 3 83.393352
ZY 39 4 86.047370
ZY 39 5 72.150039
ZY 39 6 81.833864
ZY 39 7 74.375452
ZY 40 0 67.118685
ZY 40 1 72.626145
ZY 40 2 87.761063
ZY 40 3 78.595642
ZY 40 4 86.853736
ZY 40 5 83.426906
ZY 40 6 59.327226
ZY 40 7 64.787636
ZY 41 0 72.199472
ZY 41 1 82.045580
ZY 41 2 76.584954
ZY 41 3 73.634946
ZY 41 4 93.532713
ZY 41 5 80.577051
ZY 41 6 83.713083
ZY 41 7 59.962841
ZY 42 0 42.911368
ZY 42 1 70.293360
ZY 42 2 64.593333
ZY 42 3 82.069410
ZY 42 4 85.027774
ZY 42 5 88.518671
ZY 42 6 82.403187
ZY 42 7 73.644343
ZY 43 0 72.812145
ZY 43 1 92.972732
ZY 43 2 88.645589
ZY 43 3 68.303701
ZY 43 4 79.097875
ZY 43 5 73.721737
ZY 43 6 82.832406
ZY 43 7 64.548435
ZY 44 0 64.940748
ZY 44 1 67.414581
ZY 44 2 66.720855
ZY 44 3 88.723572
ZY 44 4 81.138041
ZY 44 5 76.923584
ZY 44 6 89.502705
ZY 44 7 69.349052
ZY 45 0 86.411816
ZY 45 1 96.867314
ZY 45 2 93.441849
ZY 45 3 85.418743
ZY 45 4 85.212473
ZY 45 5 81.518111
ZY 45 6 77.863264
ZY 45 7 56.728164
ZY 46 0 64.754536
ZY 46 1 71.359810
ZY 46 2 72.426971
ZY 46 3 94.690236
ZY 46 4 82.956844
ZY 46 5 81.927841
ZY 46 6 85.940573
ZY 46 7 55.852429
ZY 47 0 72.288852
ZY 47 1 61.742068
ZY 47 2 68.971838
ZY 47 3 66.050563
ZY 47 4 73.519794
ZY 47 5 65.218009
ZY 47 6 69.700452
ZY 47 7 -1.000000
