XY 0 0 14.418214
XY 0 1 20.905639
XY 0 2 20.671835
XY 0 3 20.410465
XY 0 4 20.396829
XY 0 5 20.023749
XY 0 6 21.264427
XY 0 7 -1.000000
XY 1 0 22.074497
XY 1 1 24.251610
XY 1 2 21.779464
XY 1 3 21.824125
XY 1 4 25.379479
XY 1 5 22.129204
XY 1 6 23.945559
XY 1 7 19.249739
XY 2 0 21.008222
XY 2 1 21.546252
XY 2 2 24.457437
XY 2 3 20.412795
XY 2 4 22.251527
XY 2 5 23.544053
XY 2 6 22.764053
XY 2 7 21.128294
XY 3 0 21.855136
XY 3 1 19.345765
XY 3 2 24.053181
XY 3 3 24.629787
XY 3 4 22.535949
XY 3 5 22.838506
XY 3 6 21.627893
XY 3 7 22.194421
XY 4 0 11.466271
XY 4 1 -1.000000
XY 4 2 20.793639
XY 4 3 22.289795
XY 4 4 16.577658
XY 4 5 21.891058
XY 4 6 25.031115
XY 4 7 20.200292
XY 5 0 23.473206
XY 5 1 21.776098
XY 5 2 25.129607
XY 5 3 25.437147
XY 5 4 24.192763
XY 5 5 27.178138
XY 5 6 24.020108
XY 5 7 22.655960
XY 6 0 19.141552
XY 6 1 22.511756
XY 6 2 22.535469
XY 6 3 21.983398
XY 6 4 20.422421
XY 6 5 23.712510
XY 6 6 23.062019
XY 6 7 21.349066
XY 7 0 21.773351
XY 7 1 23.669813
XY 7 2 24.944881
XY 7 3 25.864239
XY 7 4 24.548125
XY 7 5 27.488821
XY 7 6 24.052958
XY 7 7 23.188510
XY 8 0 18.860535
XY 8 1 22.541221
XY 8 2 23.048000
XY 8 3 23.975193
XY 8 4 -1.000000
XY 8 5 24.068778
XY 8 6 23.570262
XY 8 7 18.206246
XY 9 0 21.214083
XY 9 1 22.071153
XY 9 2 23.042413
XY 9 3 23.046364
XY 9 4 -1.000000
XY 9 5 22.193337
XY 9 6 23.234849
XY 9 7 20.740769
XY 10 0 20.709529
XY 10 1 21.259922
XY 10 2 21.039918
XY 10 3 25.591956
XY 10 4 14.339754
XY 10 5 24.234119
XY 10 6 25.115287
XY 10 7 20.868211
XY 11 0 21.324320
XY 11 1 21.405100
XY 11 2 22.662313
XY 11 3 21.728690
XY 11 4 -1.000000
XY 11 5 25.305563
XY 11 6 23.306596
XY 11 7 19.326450
XY 12 0 18.177978
XY 12 1 19.638670
XY 12 2 22.895798
XY 12 3 22.873794
XY 12 4 17.535913
XY 12 5 24.881905
XY 12 6 23.075010
XY 12 7 18.239047
XY 13 0 20.707000
XY 13 1 22.892244
XY 13 2 24.850637
XY 13 3 23.514268
XY 13 4 -1.000000
XY 13 5 24.795543
XY 13 6 21.713473
XY 13 7 18.083817
XY 14 0 20.169126
XY 14 1 23.113696
XY 14 2 22.554526
XY 14 3 23.206997
XY 14 4 23.103829
XY 14 5 23.808088
XY 14 6 20.802145
XY 14 7 19.934821
XY 15 0 20.591055
XY 15 1 22.312890
XY 15 2 23.756028
XY 15 3 22.708460
XY 15 4 -1.000000
XY 15 5 26.727924
XY 15 6 24.006376
XY 15 7 18.654293
XY 16 0 19.669947
XY 16 1 18.275811
XY 16 2 23.044533
XY 16 3 22.647680
XY 16 4 20.565607
XY 16 5 21.067381
XY 16 6 24.732672
XY 16 7 21.937000
XY 17 0 20.050802
XY 17 1 21.793740
XY 17 2 15.624489
XY 17 3 22.383456
XY 17 4 22.058894
XY 17 5 22.489708
XY 17 6 20.085612
XY 17 7 21.222487
XY 18 0 20.988881
XY 18 1 21.713723
XY 18 2 28.571002
XY 18 3 22.547282
XY 18 4 24.343560
XY 18 5 22.790914
XY 18 6 22.092296
XY 18 7 22.287681
XY 19 0 19.672661
XY 19 1 20.319766
XY 19 2 23.057432
XY 19 3 22.735490
XY 19 4 23.065288
XY 19 5 21.594533
XY 19 6 21.328285
XY 19 7 18.460006
XY 20 0 19.934463
XY 20 1 15.032811
XY 20 2 23.596622
XY 20 3 23.685602
XY 20 4 20.613872
XY 20 5 24.981695
XY 20 6 23.438220
XY 20 7 19.573710
XY 21 0 20.842399
XY 21 1 20.323979
XY 21 2 26.411037
XY 21 3 23.753372
XY 21 4 21.935258
XY 21 5 23.048004
XY 21 6 24.382007
XY 21 7 19.108642
XY 22 0 20.627413
XY 22 1 15.901874
XY 22 2 23.201857
XY 22 3 -1.000000
XY 22 4 21.413424
XY 22 5 -1.000000
XY 22 6 22.483626
XY 22 7 19.721280
XY 23 0 21.367415
XY 23 1 18.906627
XY 23 2 20.708332
XY 23 3 20.010214
XY 23 4 21.975228
XY 23 5 22.604753
XY 23 6 26.933017
XY 23 7 22.075225
XZ 0 0 16.287415
XZ 0 1 14.037708
XZ 0 2 23.801012
XZ 0 3 20.187897
XZ 0 4 17.960169
XZ 0 5 22.501543
XZ 0 6 16.498776
XZ 0 7 20.642865
XZ 0 8 19.619224
XZ 0 9 25.745926
XZ 0 10 23.373486
XZ 0 11 23.266875
XZ 0 12 6.978413
XZ 0 13 20.952992
XZ 0 14 20.209862
XZ 0 15 23.500889
XZ 0 16 18.962533
XZ 0 17 21.356772
XZ 0 18 25.289238
XZ 0 19 21.647465
XZ 0 20 21.869819
XZ 0 21 17.470594
XZ 0 22 23.131017
XZ 0 23 21.897467
XZ 0 24 16.360685
XZ 0 25 6.746363
XZ 0 26 19.992910
XZ 0 27 27.176961
XZ 0 28 18.802067
XZ 0 29 25.988091
XZ 0 30 20.892977
XZ 0 31 21.936640
XZ 0 32 24.053471
XZ 0 33 26.921287
XZ 0 34 22.086185
XZ 0 35 21.624282
XZ 0 36 20.195100
XZ 0 37 23.048450
XZ 0 38 21.579698
XZ 0 39 23.156790
XZ 0 40 16.269525
XZ 0 41 24.717820
XZ 0 42 23.300736
XZ 0 43 23.983065
XZ 0 44 24.582553
XZ 0 45 20.080712
XZ 0 46 23.403803
XZ 0 47 19.705321
XZ 1 0 18.005901
XZ 1 1 21.582154
XZ 1 2 23.677075
XZ 1 3 24.053811
XZ 1 4 23.440923
XZ 1 5 21.288393
XZ 1 6 22.873539
XZ 1 7 24.564769
XZ 1 8 22.740252
XZ 1 9 29.593506
XZ 1 10 23.258058
XZ 1 11 28.884941
XZ 1 12 25.656779
XZ 1 13 21.749554
XZ 1 14 21.790662
XZ 1 15 24.631733
XZ 1 16 22.096776
XZ 1 17 24.531231
XZ 1 18 20.482188
XZ 1 19 23.257536
XZ 1 20 22.009108
XZ 1 21 23.614746
XZ 1 22 28.378803
XZ 1 23 27.601378
XZ 1 24 17.560981
XZ 1 25 30.587585
XZ 1 26 28.510704
XZ 1 27 29.207884
XZ 1 28 24.767801
XZ 1 29 27.948138
XZ 1 30 25.175109
XZ 1 31 25.195824
XZ 1 32 29.014646
XZ 1 33 26.022358
XZ 1 34 21.553530
XZ 1 35 28.697052
XZ 1 36 25.836653
XZ 1 37 27.250356
XZ 1 38 23.396467
XZ 1 39 25.764734
XZ 1 40 24.387345
XZ 1 41 21.869089
XZ 1 42 18.322369
XZ 1 43 23.721906
XZ 1 44 25.627728
XZ 1 45 21.097305
XZ 1 46 23.466487
XZ 1 47 19.603646
XZ 2 0 20.306271
XZ 2 1 25.463408
XZ 2 2 23.549224
XZ 2 3 24.184218
XZ 2 4 22.395343
XZ 2 5 25.059223
XZ 2 6 27.162631
XZ 2 7 25.937725
XZ 2 8 21.976206
XZ 2 9 27.226614
XZ 2 10 26.024238
XZ 2 11 29.139649
XZ 2 12 21.651366
XZ 2 13 26.507498
XZ 2 14 17.338221
XZ 2 15 26.315309
XZ 2 16 28.063163
XZ 2 17 26.582379
XZ 2 18 26.322988
XZ 2 19 30.096824
XZ 2 20 27.569873
XZ 2 21 22.526704
XZ 2 22 27.208328
XZ 2 23 21.373842
XZ 2 24 28.686899
XZ 2 25 32.626704
XZ 2 26 27.611775
XZ 2 27 31.563648
XZ 2 28 30.933381
XZ 2 29 28.668549
XZ 2 30 24.824540
XZ 2 31 26.034644
XZ 2 32 23.589812
XZ 2 33 28.338626
XZ 2 34 21.554955
XZ 2 35 24.748394
XZ 2 36 25.383216
XZ 2 37 26.196277
XZ 2 38 26.934740
XZ 2 39 26.182407
XZ 2 40 22.460969
XZ 2 41 25.106691
XZ 2 42 28.335532
XZ 2 43 21.952584
XZ 2 44 22.889725
XZ 2 45 25.747299
XZ 2 46 29.154285
XZ 2 47 23.137218
XZ 3 0 20.740369
XZ 3 1 17.805809
XZ 3 2 23.502601
XZ 3 3 24.803174
XZ 3 4 22.242431
XZ 3 5 24.214765
XZ 3 6 24.901280
XZ 3 7 25.207981
XZ 3 8 26.919420
XZ 3 9 25.453568
XZ 3 10 22.683063
XZ 3 11 30.650565
XZ 3 12 25.298314
XZ 3 13 29.693122
XZ 3 14 22.850096
XZ 3 15 23.297603
XZ 3 16 30.547871
XZ 3 17 20.463755
XZ 3 18 25.312858
XZ 3 19 31.113973
XZ 3 20 27.889854
XZ 3 21 19.010414
XZ 3 22 29.427441
XZ 3 23 20.663059
XZ 3 24 23.707322
XZ 3 25 31.034197
XZ 3 26 26.841724
XZ 3 27 26.229860
XZ 3 28 25.211654
XZ 3 29 26.547467
XZ 3 30 32.113163
XZ 3 31 22.764050
XZ 3 32 26.722603
XZ 3 33 19.557110
XZ 3 34 20.200601
XZ 3 35 26.496850
XZ 3 36 32.398848
XZ 3 37 23.142696
XZ 3 38 22.244348
XZ 3 39 29.563830
XZ 3 40 25.482965
XZ 3 41 24.771493
XZ 3 42 14.767739
XZ 3 43 25.036631
XZ 3 44 29.383083
XZ 3 45 25.325381
XZ 3 46 26.012398
XZ 3 47 18.730012
XZ 4 0 21.297795
XZ 4 1 17.959717
XZ 4 2 23.477416
XZ 4 3 25.497645
XZ 4 4 19.062557
XZ 4 5 26.849113
XZ 4 6 23.427791
XZ 4 7 24.761457
XZ 4 8 27.381871
XZ 4 9 27.137175
XZ 4 10 27.109441
XZ 4 11 29.041829
XZ 4 12 24.278199
XZ 4 13 28.643411
XZ 4 14 23.631289
XZ 4 15 28.171698
XZ 4 16 23.973318
XZ 4 17 22.379685
XZ 4 18 18.332995
XZ 4 19 27.340093
XZ 4 20 23.525907
XZ 4 21 23.794704
XZ 4 22 30.111716
XZ 4 23 27.435236
XZ 4 24 30.132371
XZ 4 25 22.757048
XZ 4 26 25.548887
XZ 4 27 26.569290
XZ 4 28 25.653145
XZ 4 29 26.004091
XZ 4 30 20.220548
XZ 4 31 24.582823
XZ 4 32 20.455017
XZ 4 33 23.463702
XZ 4 34 24.295618
XZ 4 35 27.606246
XZ 4 36 25.637581
XZ 4 37 23.455140
XZ 4 38 29.365503
XZ 4 39 19.833893
XZ 4 40 25.095083
XZ 4 41 25.872255
XZ 4 42 21.584729
XZ 4 43 26.451042
XZ 4 44 21.189129
XZ 4 45 28.587309
XZ 4 46 23.412024
XZ 4 47 24.524846
XZ 5 0 15.691609
XZ 5 1 18.948287
XZ 5 2 25.759797
XZ 5 3 22.529185
XZ 5 4 22.364117
XZ 5 5 24.650436
XZ 5 6 25.998054
XZ 5 7 25.627280
XZ 5 8 23.902115
XZ 5 9 27.076851
XZ 5 10 25.427208
XZ 5 11 28.153057
XZ 5 12 25.662974
XZ 5 13 29.777727
XZ 5 14 25.645856
XZ 5 15 27.592749
XZ 5 16 23.069557
XZ 5 17 21.498642
XZ 5 18 26.433866
XZ 5 19 25.795248
XZ 5 20 32.579747
XZ 5 21 29.258378
XZ 5 22 24.567723
XZ 5 23 26.965321
XZ 5 24 25.707174
XZ 5 25 30.713571
XZ 5 26 37.743102
XZ 5 27 32.162050
XZ 5 28 25.063647
XZ 5 29 29.532323
XZ 5 30 26.527993
XZ 5 31 25.138714
XZ 5 32 25.877563
XZ 5 33 25.168584
XZ 5 34 26.139281
XZ 5 35 24.348607
XZ 5 36 29.524487
XZ 5 37 30.964115
XZ 5 38 25.299470
XZ 5 39 29.469508
XZ 5 40 27.273257
XZ 5 41 22.286081
XZ 5 42 26.482817
XZ 5 43 22.503683
XZ 5 44 21.141448
XZ 5 45 27.073468
XZ 5 46 22.947895
XZ 5 47 17.415426
XZ 6 0 16.313615
XZ 6 1 24.870744
XZ 6 2 24.749509
XZ 6 3 21.042047
XZ 6 4 22.848682
XZ 6 5 26.185045
XZ 6 6 25.068866
XZ 6 7 23.771924
XZ 6 8 26.810479
XZ 6 9 30.557410
XZ 6 10 23.782509
XZ 6 11 28.362974
XZ 6 12 19.158158
XZ 6 13 29.613902
XZ 6 14 22.811065
XZ 6 15 26.886404
XZ 6 16 27.508593
XZ 6 17 28.932439
XZ 6 18 25.210638
XZ 6 19 21.305742
XZ 6 20 27.227154
XZ 6 21 26.793197
XZ 6 22 26.933937
XZ 6 23 25.589068
XZ 6 24 29.040821
XZ 6 25 28.958625
XZ 6 26 32.409643
XZ 6 27 26.467148
XZ 6 28 24.283651
XZ 6 29 26.915713
XZ 6 30 24.668208
XZ 6 31 25.699899
XZ 6 32 28.032455
XZ 6 33 30.482349
XZ 6 34 28.725788
XZ 6 35 29.993052
XZ 6 36 26.200322
XZ 6 37 27.270502
XZ 6 38 25.845176
XZ 6 39 25.307416
XZ 6 40 24.663873
XZ 6 41 26.948461
XZ 6 42 26.635175
XZ 6 43 29.782713
XZ 6 44 25.368300
XZ 6 45 29.230236
XZ 6 46 24.598765
XZ 6 47 26.609281
XZ 7 0 15.794294
XZ 7 1 21.468218
XZ 7 2 22.562466
XZ 7 3 25.271434
XZ 7 4 26.568298
XZ 7 5 25.290378
XZ 7 6 24.321353
XZ 7 7 26.336436
XZ 7 8 23.613315
XZ 7 9 32.847894
XZ 7 10 28.348625
XZ 7 11 27.829898
XZ 7 12 21.860506
XZ 7 13 27.298832
XZ 7 14 21.643702
XZ 7 15 23.927006
XZ 7 16 24.816188
XZ 7 17 28.861817
XZ 7 18 23.217440
XZ 7 19 25.984021
XZ 7 20 26.518298
XZ 7 21 25.361318
XZ 7 22 14.986332
XZ 7 23 -1.000000
XZ 7 24 23.561350
XZ 7 25 26.354908
XZ 7 26 27.907511
XZ 7 27 34.175500
XZ 7 28 23.122260
XZ 7 29 25.791220
XZ 7 30 28.640417
XZ 7 31 30.741083
XZ 7 32 27.271337
XZ 7 33 22.443148
XZ 7 34 24.633328
XZ 7 35 21.208656
XZ 7 36 27.368486
XZ 7 37 24.784471
XZ 7 38 16.460665
XZ 7 39 23.110217
XZ 7 40 26.446210
XZ 7 41 19.968252
XZ 7 42 19.932158
XZ 7 43 28.306580
XZ 7 44 24.197275
XZ 7 45 27.633604
XZ 7 46 27.361347
XZ 7 47 21.742421
XZ 8 0 17.664562
XZ 8 1 25.690045
XZ 8 2 24.755074
XZ 8 3 27.311463
XZ 8 4 22.474999
XZ 8 5 24.251534
XZ 8 6 24.365455
XZ 8 7 31.935408
XZ 8 8 23.849282
XZ 8 9 27.658629
XZ 8 10 26.224903
XZ 8 11 31.556310
XZ 8 12 29.406395
XZ 8 13 28.036372
XZ 8 14 24.343066
XZ 8 15 27.003466
XZ 8 16 29.711574
XZ 8 17 24.129956
XZ 8 18 25.456801
XZ 8 19 31.527921
XZ 8 20 26.781652
XZ 8 21 25.070850
XZ 8 22 24.556253
XZ 8 23 21.964051
XZ 8 24 28.774921
XZ 8 25 31.492142
XZ 8 26 26.828662
XZ 8 27 32.528864
XZ 8 28 32.384841
XZ 8 29 20.683897
XZ 8 30 26.983260
XZ 8 31 23.718348
XZ 8 32 22.576989
XZ 8 33 23.905555
XZ 8 34 22.145732
XZ 8 35 25.692231
XZ 8 36 25.441297
XZ 8 37 22.283347
XZ 8 38 23.818220
XZ 8 39 22.156141
XZ 8 40 23.751924
XZ 8 41 24.056412
XZ 8 42 20.686840
XZ 8 43 29.055586
XZ 8 44 20.613486
XZ 8 45 24.829554
XZ 8 46 25.594501
XZ 8 47 16.970668
XZ 9 0 19.212483
XZ 9 1 26.144884
XZ 9 2 23.959462
XZ 9 3 24.626968
XZ 9 4 22.246276
XZ 9 5 26.138969
XZ 9 6 27.511525
XZ 9 7 29.678545
XZ 9 8 22.623745
XZ 9 9 29.386576
XZ 9 10 27.474147
XZ 9 11 30.141808
XZ 9 12 25.260867
XZ 9 13 26.001784
XZ 9 14 26.960377
XZ 9 15 20.341980
XZ 9 16 27.069816
XZ 9 17 27.640713
XZ 9 18 19.336160
XZ 9 19 27.574103
XZ 9 20 30.163744
XZ 9 21 22.557703
XZ 9 22 27.094319
XZ 9 23 20.594629
XZ 9 24 35.628854
XZ 9 25 26.863194
XZ 9 26 32.049212
XZ 9 27 24.353941
XZ 9 28 29.164048
XZ 9 29 21.088614
XZ 9 30 31.331826
XZ 9 31 27.778592
XZ 9 32 20.873986
XZ 9 33 23.777155
XZ 9 34 23.223250
XZ 9 35 22.741633
XZ 9 36 23.743055
XZ 9 37 23.502635
XZ 9 38 23.983559
XZ 9 39 22.727668
XZ 9 40 23.954127
XZ 9 41 24.239153
XZ 9 42 24.489073
XZ 9 43 26.485401
XZ 9 44 27.498030
XZ 9 45 26.980132
XZ 9 46 24.548860
XZ 9 47 25.106507
XZ 10 0 16.226699
XZ 10 1 25.102514
XZ 10 2 21.633854
XZ 10 3 27.420073
XZ 10 4 25.475247
XZ 10 5 27.132735
XZ 10 6 27.037615
XZ 10 7 24.369696
XZ 10 8 29.415071
XZ 10 9 29.476615
XZ 10 10 27.589605
XZ 10 11 25.518879
XZ 10 12 22.051839
XZ 10 13 27.956379
XZ 10 14 23.420053
XZ 10 15 27.595779
XZ 10 16 19.690046
XZ 10 17 29.213888
XZ 10 18 20.882773
XZ 10 19 24.921902
XZ 10 20 22.957809
XZ 10 21 24.590849
XZ 10 22 19.067777
XZ 10 23 26.783808
XZ 10 24 20.420013
XZ 10 25 19.341305
XZ 10 26 14.576768
XZ 10 27 29.242050
XZ 10 28 26.333668
XZ 10 29 24.570082
XZ 10 30 23.497755
XZ 10 31 22.652371
XZ 10 32 23.409908
XZ 10 33 27.253983
XZ 10 34 23.947177
XZ 10 35 23.083021
XZ 10 36 23.205490
XZ 10 37 24.450189
XZ 10 38 22.078132
XZ 10 39 22.495113
XZ 10 40 20.004238
XZ 10 41 25.798098
XZ 10 42 24.371311
XZ 10 43 24.302393
XZ 10 44 23.743949
XZ 10 45 27.693106
XZ 10 46 22.735463
XZ 10 47 23.770240
XZ 11 0 21.225969
XZ 11 1 22.303829
XZ 11 2 27.786134
XZ 11 3 24.089222
XZ 11 4 25.075162
XZ 11 5 26.394888
XZ 11 6 22.287077
XZ 11 7 26.093793
XZ 11 8 21.449140
XZ 11 9 28.637300
XZ 11 10 28.797988
XZ 11 11 31.503430
XZ 11 12 21.770238
XZ 11 13 29.508083
XZ 11 14 22.431690
XZ 11 15 24.725970
XZ 11 16 24.931834
XZ 11 17 24.473059
XZ 11 18 22.949227
XZ 11 19 23.241589
XZ 11 20 28.251183
XZ 11 21 26.005740
XZ 11 22 24.485897
XZ 11 23 22.488271
XZ 11 24 24.096374
XZ 11 25 26.582827
XZ 11 26 25.396333
XZ 11 27 33.858635
XZ 11 28 22.776848
XZ 11 29 23.979581
XZ 11 30 20.709069
XZ 11 31 23.518230
XZ 11 32 17.846384
XZ 11 33 24.438682
XZ 11 34 22.896398
XZ 11 35 28.949087
XZ 11 36 21.912802
XZ 11 37 26.997224
XZ 11 38 23.267437
XZ 11 39 25.202521
XZ 11 40 21.649264
XZ 11 41 24.786708
XZ 11 42 25.096206
XZ 11 43 25.230256
XZ 11 44 27.535262
XZ 11 45 26.644567
XZ 11 46 22.128006
XZ 11 47 23.237819
XZ 12 0 16.506851
XZ 12 1 22.789068
XZ 12 2 23.836175
XZ 12 3 20.829968
XZ 12 4 23.753526
XZ 12 5 25.575425
XZ 12 6 22.913704
XZ 12 7 27.427438
XZ 12 8 28.648923
XZ 12 9 28.714665
XZ 12 10 25.676105
XZ 12 11 28.915140
XZ 12 12 24.166859
XZ 12 13 24.692938
XZ 12 14 26.516762
XZ 12 15 25.707408
XZ 12 16 20.632674
XZ 12 17 31.109880
XZ 12 18 19.784266
XZ 12 19 20.295933
XZ 12 20 20.103484
XZ 12 21 23.444325
XZ 12 22 29.196016
XZ 12 23 26.363388
XZ 12 24 30.544420
XZ 12 25 22.719646
XZ 12 26 26.143704
XZ 12 27 29.194727
XZ 12 28 27.640270
XZ 12 29 29.998211
XZ 12 30 26.213265
XZ 12 31 26.667396
XZ 12 32 24.762790
XZ 12 33 26.587156
XZ 12 34 19.515295
XZ 12 35 24.315633
XZ 12 36 24.060435
XZ 12 37 26.489388
XZ 12 38 27.781182
XZ 12 39 30.330571
XZ 12 40 25.050188
XZ 12 41 23.983167
XZ 12 42 20.300942
XZ 12 43 25.349496
XZ 12 44 24.650852
XZ 12 45 28.274644
XZ 12 46 22.935297
XZ 12 47 25.155883
XZ 13 0 -1.000000
XZ 13 1 23.841672
XZ 13 2 20.320099
XZ 13 3 27.096343
XZ 13 4 20.335343
XZ 13 5 28.584349
XZ 13 6 21.501783
XZ 13 7 26.332530
XZ 13 8 26.806438
XZ 13 9 28.220673
XZ 13 10 24.901448
XZ 13 11 31.048163
XZ 13 12 21.159711
XZ 13 13 28.148105
XZ 13 14 25.283969
XZ 13 15 24.646910
XZ 13 16 23.381652
XZ 13 17 26.288929
XZ 13 18 19.941441
XZ 13 19 25.014903
XZ 13 20 26.673884
XZ 13 21 23.475484
XZ 13 22 19.562248
XZ 13 23 24.943421
XZ 13 24 30.719306
XZ 13 25 22.788629
XZ 13 26 27.407037
XZ 13 27 25.966347
XZ 13 28 22.272402
XZ 13 29 24.274094
XZ 13 30 23.076393
XZ 13 31 21.106891
XZ 13 32 24.040955
XZ 13 33 28.544100
XZ 13 34 25.655283
XZ 13 35 26.021973
XZ 13 36 24.291241
XZ 13 37 25.922835
XZ 13 38 23.738841
XZ 13 39 26.787873
XZ 13 40 23.610515
XZ 13 41 20.697888
XZ 13 42 24.796417
XZ 13 43 18.894692
XZ 13 44 27.478829
XZ 13 45 25.554971
XZ 13 46 25.094971
XZ 13 47 20.706964
XZ 14 0 16.293299
XZ 14 1 19.465377
XZ 14 2 20.731057
XZ 14 3 29.384348
XZ 14 4 22.888727
XZ 14 5 26.100209
XZ 14 6 25.183863
XZ 14 7 28.337633
XZ 14 8 27.625413
XZ 14 9 30.051750
XZ 14 10 23.409700
XZ 14 11 27.660644
XZ 14 12 21.245476
XZ 14 13 28.393495
XZ 14 14 21.672401
XZ 14 15 28.450803
XZ 14 16 16.131045
XZ 14 17 18.141594
XZ 14 18 21.873024
XZ 14 19 29.300503
XZ 14 20 19.821759
XZ 14 21 20.270155
XZ 14 22 27.312345
XZ 14 23 22.389037
XZ 14 24 32.971647
XZ 14 25 37.211292
XZ 14 26 38.174067
XZ 14 27 44.885065
XZ 14 28 20.512592
XZ 14 29 23.476296
XZ 14 30 26.404045
XZ 14 31 33.597216
XZ 14 32 24.973754
XZ 14 33 23.364377
XZ 14 34 23.897857
XZ 14 35 24.778343
XZ 14 36 23.045017
XZ 14 37 24.226878
XZ 14 38 33.753079
XZ 14 39 16.727866
XZ 14 40 26.781438
XZ 14 41 20.662666
XZ 14 42 23.786223
XZ 14 43 21.876846
XZ 14 44 22.001205
XZ 14 45 27.073834
XZ 14 46 22.527541
XZ 14 47 25.068103
XZ 15 0 19.606096
XZ 15 1 24.509659
XZ 15 2 20.951001
XZ 15 3 26.625940
XZ 15 4 23.917080
XZ 15 5 34.161789
XZ 15 6 -1.000000
XZ 15 7 27.263843
XZ 15 8 24.938517
XZ 15 9 31.585792
XZ 15 10 24.847389
XZ 15 11 29.716283
XZ 15 12 26.313389
XZ 15 13 24.800748
XZ 15 14 21.435302
XZ 15 15 31.609530
XZ 15 16 20.050154
XZ 15 17 17.729361
XZ 15 18 30.454257
XZ 15 19 24.271078
XZ 15 20 15.862601
XZ 15 21 24.385491
XZ 15 22 -1.000000
XZ 15 23 -1.000000
XZ 15 24 22.291940
XZ 15 25 25.857330
XZ 15 26 29.849335
XZ 15 27 33.249090
XZ 15 28 27.562025
XZ 15 29 27.860475
XZ 15 30 23.661021
XZ 15 31 27.601761
XZ 15 32 20.747853
XZ 15 33 24.382027
XZ 15 34 24.807450
XZ 15 35 32.309021
XZ 15 36 25.358412
XZ 15 37 24.822543
XZ 15 38 20.267369
XZ 15 39 24.100072
XZ 15 40 26.491471
XZ 15 41 19.236932
XZ 15 42 24.497876
XZ 15 43 22.237674
XZ 15 44 24.165740
XZ 15 45 24.528738
XZ 15 46 22.572990
XZ 15 47 24.357355
XZ 16 0 16.920669
XZ 16 1 23.668972
XZ 16 2 18.678994
XZ 16 3 24.391809
XZ 16 4 22.498917
XZ 16 5 17.314140
XZ 16 6 23.541990
XZ 16 7 25.582738
XZ 16 8 23.806090
XZ 16 9 27.961185
XZ 16 10 28.057543
XZ 16 11 28.843047
XZ 16 12 25.070222
XZ 16 13 23.032440
XZ 16 14 26.610535
XZ 16 15 25.302760
XZ 16 16 21.801549
XZ 16 17 10.620677
XZ 16 18 31.872533
XZ 16 19 24.720732
XZ 16 20 27.226240
XZ 16 21 26.167397
XZ 16 22 32.591590
XZ 16 23 26.276752
XZ 16 24 25.072535
XZ 16 25 23.950894
XZ 16 26 28.143652
XZ 16 27 30.024939
XZ 16 28 23.016302
XZ 16 29 21.665348
XZ 16 30 21.446345
XZ 16 31 19.040013
XZ 16 32 23.149535
XZ 16 33 23.737760
XZ 16 34 24.000805
XZ 16 35 24.537364
XZ 16 36 25.977008
XZ 16 37 22.742103
XZ 16 38 28.314411
XZ 16 39 29.115554
XZ 16 40 25.899739
XZ 16 41 27.977512
XZ 16 42 21.333584
XZ 16 43 26.176819
XZ 16 44 23.684145
XZ 16 45 26.267087
XZ 16 46 26.720695
XZ 16 47 21.780401
XZ 17 0 20.840707
XZ 17 1 18.773995
XZ 17 2 25.173442
XZ 17 3 24.007139
XZ 17 4 21.794080
XZ 17 5 25.123719
XZ 17 6 25.784437
XZ 17 7 27.710483
XZ 17 8 24.891680
XZ 17 9 25.557892
XZ 17 10 30.521467
XZ 17 11 25.286138
XZ 17 12 22.641283
XZ 17 13 22.807684
XZ 17 14 25.289865
XZ 17 15 22.846530
XZ 17 16 30.798376
XZ 17 17 25.086524
XZ 17 18 22.949689
XZ 17 19 29.905460
XZ 17 20 22.828254
XZ 17 21 21.399265
XZ 17 22 22.638539
XZ 17 23 26.226821
XZ 17 24 29.202737
XZ 17 25 31.650667
XZ 17 26 24.160315
XZ 17 27 32.084949
XZ 17 28 22.841711
XZ 17 29 26.228635
XZ 17 30 22.150658
XZ 17 31 28.143224
XZ 17 32 19.017608
XZ 17 33 24.284649
XZ 17 34 27.952951
XZ 17 35 22.086262
XZ 17 36 23.862619
XZ 17 37 27.330306
XZ 17 38 22.426414
XZ 17 39 26.825171
XZ 17 40 22.531212
XZ 17 41 22.057812
XZ 17 42 32.781902
XZ 17 43 23.617923
XZ 17 44 21.423951
XZ 17 45 26.174368
XZ 17 46 24.586063
XZ 17 47 27.774206
XZ 18 0 20.516144
XZ 18 1 25.297280
XZ 18 2 22.553625
XZ 18 3 23.934363
XZ 18 4 23.766762
XZ 18 5 22.821990
XZ 18 6 27.321662
XZ 18 7 27.048702
XZ 18 8 26.318797
XZ 18 9 24.679634
XZ 18 10 27.891072
XZ 18 11 29.045205
XZ 18 12 29.327829
XZ 18 13 26.996864
XZ 18 14 29.665406
XZ 18 15 26.095027
XZ 18 16 29.980985
XZ 18 17 26.834930
XZ 18 18 25.612481
XZ 18 19 24.517502
XZ 18 20 29.925513
XZ 18 21 27.153689
XZ 18 22 22.605599
XZ 18 23 39.344929
XZ 18 24 28.391209
XZ 18 25 24.788680
XZ 18 26 26.184168
XZ 18 27 40.455231
XZ 18 28 41.072942
XZ 18 29 27.629040
XZ 18 30 28.312015
XZ 18 31 27.074505
XZ 18 32 24.291796
XZ 18 33 27.141869
XZ 18 34 23.186788
XZ 18 35 19.610664
XZ 18 36 25.277049
XZ 18 37 29.918863
XZ 18 38 23.499192
XZ 18 39 25.506336
XZ 18 40 22.552399
XZ 18 41 33.882926
XZ 18 42 7.254422
XZ 18 43 24.556227
XZ 18 44 20.099068
XZ 18 45 27.147231
XZ 18 46 21.817562
XZ 18 47 21.573790
XZ 19 0 20.830522
XZ 19 1 22.109771
XZ 19 2 21.162151
XZ 19 3 25.544308
XZ 19 4 20.885558
XZ 19 5 28.128694
XZ 19 6 25.991738
XZ 19 7 26.061064
XZ 19 8 26.364315
XZ 19 9 25.129473
XZ 19 10 26.457290
XZ 19 11 26.325367
XZ 19 12 23.720928
XZ 19 13 23.912287
XZ 19 14 24.837482
XZ 19 15 27.221463
XZ 19 16 21.329186
XZ 19 17 21.273082
XZ 19 18 23.476992
XZ 19 19 20.613209
XZ 19 20 29.768425
XZ 19 21 19.568745
XZ 19 22 26.076170
XZ 19 23 27.897596
XZ 19 24 19.382813
XZ 19 25 27.566893
XZ 19 26 26.270466
XZ 19 27 31.571552
XZ 19 28 31.068051
XZ 19 29 26.292278
XZ 19 30 28.210588
XZ 19 31 26.063669
XZ 19 32 22.377997
XZ 19 33 20.289942
XZ 19 34 25.285789
XZ 19 35 26.322093
XZ 19 36 24.664291
XZ 19 37 24.875393
XZ 19 38 25.141994
XZ 19 39 20.899990
XZ 19 40 23.915656
XZ 19 41 30.252350
XZ 19 42 21.817646
XZ 19 43 24.060676
XZ 19 44 25.664316
XZ 19 45 26.882836
XZ 19 46 24.985507
XZ 19 47 27.204487
XZ 20 0 19.018011
XZ 20 1 23.357901
XZ 20 2 21.932639
XZ 20 3 23.288700
XZ 20 4 18.838051
XZ 20 5 25.014650
XZ 20 6 26.727226
XZ 20 7 23.224357
XZ 20 8 24.774010
XZ 20 9 28.306058
XZ 20 10 31.219086
XZ 20 11 32.578915
XZ 20 12 19.807206
XZ 20 13 30.009428
XZ 20 14 24.890950
XZ 20 15 25.582600
XZ 20 16 21.616923
XZ 20 17 28.202867
XZ 20 18 29.053376
XZ 20 19 22.964232
XZ 20 20 35.173458
XZ 20 21 25.247150
XZ 20 22 20.672387
XZ 20 23 25.447662
XZ 20 24 25.659236
XZ 20 25 32.979643
XZ 20 26 40.768614
XZ 20 27 7.809301
XZ 20 28 21.760463
XZ 20 29 -1.000000
XZ 20 30 26.902759
XZ 20 31 28.367051
XZ 20 32 24.702824
XZ 20 33 25.772653
XZ 20 34 21.609068
XZ 20 35 26.072977
XZ 20 36 26.068085
XZ 20 37 27.070414
XZ 20 38 30.026263
XZ 20 39 27.756511
XZ 20 40 25.885534
XZ 20 41 28.631668
XZ 20 42 24.091406
XZ 20 43 25.471721
XZ 20 44 25.147938
XZ 20 45 27.025172
XZ 20 46 21.981839
XZ 20 47 20.695599
XZ 21 0 18.550962
XZ 21 1 -1.000000
XZ 21 2 20.221583
XZ 21 3 23.733081
XZ 21 4 14.734069
XZ 21 5 27.556014
XZ 21 6 22.996302
XZ 21 7 28.172533
XZ 21 8 28.376577
XZ 21 9 29.806679
XZ 21 10 27.397798
XZ 21 11 29.443445
XZ 21 12 24.951064
XZ 21 13 28.703593
XZ 21 14 27.240206
XZ 21 15 27.723040
XZ 21 16 16.446677
XZ 21 17 28.016310
XZ 21 18 21.113169
XZ 21 19 26.576104
XZ 21 20 29.582266
XZ 21 21 25.115984
XZ 21 22 26.208952
XZ 21 23 29.207493
XZ 21 24 27.374683
XZ 21 25 28.986516
XZ 21 26 34.964805
XZ 21 27 34.533867
XZ 21 28 31.645386
XZ 21 29 26.653316
XZ 21 30 24.816036
XZ 21 31 26.982901
XZ 21 32 22.894830
XZ 21 33 28.168393
XZ 21 34 23.579228
XZ 21 35 25.274796
XZ 21 36 26.630977
XZ 21 37 24.002771
XZ 21 38 28.134735
XZ 21 39 21.303926
XZ 21 40 22.689042
XZ 21 41 31.223366
XZ 21 42 24.717344
XZ 21 43 30.096486
XZ 21 44 28.518990
XZ 21 45 26.123843
XZ 21 46 24.241654
XZ 21 47 23.549932
XZ 22 0 22.440783
XZ 22 1 22.647948
XZ 22 2 22.066524
XZ 22 3 26.825843
XZ 22 4 23.740347
XZ 22 5 27.321502
XZ 22 6 23.004130
XZ 22 7 24.644465
XZ 22 8 20.589995
XZ 22 9 29.041056
XZ 22 10 26.985637
XZ 22 11 27.201607
XZ 22 12 23.202302
XZ 22 13 28.403347
XZ 22 14 21.705598
XZ 22 15 24.701024
XZ 22 16 20.784693
XZ 22 17 27.971310
XZ 22 18 22.480868
XZ 22 19 26.472206
XZ 22 20 29.293012
XZ 22 21 31.438880
XZ 22 22 29.374059
XZ 22 23 22.954194
XZ 22 24 26.402871
XZ 22 25 31.311908
XZ 22 26 28.209913
XZ 22 27 28.885357
XZ 22 28 25.317200
XZ 22 29 21.347216
XZ 22 30 25.139227
XZ 22 31 24.984041
XZ 22 32 27.015245
XZ 22 33 28.179866
XZ 22 34 28.639556
XZ 22 35 24.326635
XZ 22 36 24.174102
XZ 22 37 21.465593
XZ 22 38 26.316486
XZ 22 39 29.008685
XZ 22 40 22.680869
XZ 22 41 22.684543
XZ 22 42 12.068059
XZ 22 43 21.053795
XZ 22 44 26.738711
XZ 22 45 23.291166
XZ 22 46 23.466821
XZ 22 47 17.611924
XZ 23 0 14.737980
XZ 23 1 18.348817
XZ 23 2 19.907301
XZ 23 3 24.285484
XZ 23 4 20.453205
XZ 23 5 24.317358
XZ 23 6 21.448375
XZ 23 7 22.412143
XZ 23 8 24.582626
XZ 23 9 25.152841
XZ 23 10 24.796254
XZ 23 11 23.472257
XZ 23 12 18.531094
XZ 23 13 24.422637
XZ 23 14 22.411935
XZ 23 15 22.354739
XZ 23 16 23.019260
XZ 23 17 13.336057
XZ 23 18 20.626332
XZ 23 19 27.269037
XZ 23 20 20.814399
XZ 23 21 24.522432
XZ 23 22 20.672428
XZ 23 23 -1.000000
XZ 23 24 21.202503
XZ 23 25 19.797974
XZ 23 26 24.245301
XZ 23 27 27.891335
XZ 23 28 20.525510
XZ 23 29 19.565706
XZ 23 30 15.434808
XZ 23 31 24.085631
XZ 23 32 21.136533
XZ 23 33 26.213059
XZ 23 34 23.932067
XZ 23 35 18.513841
XZ 23 36 20.030580
XZ 23 37 16.796712
XZ 23 38 21.928824
XZ 23 39 24.231991
XZ 23 40 18.175281
XZ 23 41 21.723345
XZ 23 42 20.318584
XZ 23 43 20.733548
XZ 23 44 24.257377
XZ 23 45 21.169699
XZ 23 46 22.549043
XZ 23 47 16.793530
ZY 0 0 14.972767
ZY 0 1 20.768821
ZY 0 2 24.259163
ZY 0 3 18.674312
ZY 0 4 23.650010
ZY 0 5 22.927317
ZY 0 6 28.625382
ZY 0 7 19.612485
ZY 1 0 19.743704
ZY 1 1 25.063399
ZY 1 2 21.996731
ZY 1 3 -1.000000
ZY 1 4 22.868023
ZY 1 5 22.797594
ZY 1 6 26.488496
ZY 1 7 20.230843
ZY 2 0 21.890937
ZY 2 1 28.878819
ZY 2 2 25.189148
ZY 2 3 22.282041
ZY 2 4 31.172079
ZY 2 5 28.600417
ZY 2 6 28.995935
ZY 2 7 23.379179
ZY 3 0 15.803384
ZY 3 1 26.286423
ZY 3 2 24.170711
ZY 3 3 26.924039
ZY 3 4 26.303809
ZY 3 5 28.908744
ZY 3 6 25.210007
ZY 3 7 19.826035
ZY 4 0 23.582535
ZY 4 1 24.501712
ZY 4 2 25.424296
ZY 4 3 27.203521
ZY 4 4 37.724276
ZY 4 5 29.934760
ZY 4 6 28.898763
ZY 4 7 25.929030
ZY 5 0 19.654396
ZY 5 1 24.153246
ZY 5 2 28.023172
ZY 5 3 24.435113
ZY 5 4 30.467092
ZY 5 5 25.329677
ZY 5 6 26.304252
ZY 5 7 22.004675
ZY 6 0 18.881868
ZY 6 1 26.271086
ZY 6 2 24.272877
ZY 6 3 27.684948
ZY 6 4 25.727213
ZY 6 5 26.200681
ZY 6 6 25.667922
ZY 6 7 30.885574
ZY 7 0 22.091247
ZY 7 1 27.264336
ZY 7 2 21.940313
ZY 7 3 26.992768
ZY 7 4 24.908173
ZY 7 5 30.747970
ZY 7 6 27.438540
ZY 7 7 22.352166
ZY 8 0 26.944852
ZY 8 1 29.004897
ZY 8 2 29.899238
ZY 8 3 32.888766
ZY 8 4 29.343235
ZY 8 5 35.132110
ZY 8 6 25.066245
ZY 8 7 22.298673
ZY 9 0 18.167874
ZY 9 1 24.676581
ZY 9 2 24.770763
ZY 9 3 19.020203
ZY 9 4 21.875406
ZY 9 5 26.344053
ZY 9 6 28.091545
ZY 9 7 19.822480
ZY 10 0 26.051335
ZY 10 1 29.673980
ZY 10 2 31.844294
ZY 10 3 30.043077
ZY 10 4 31.480411
ZY 10 5 30.097102
ZY 10 6 27.857711
ZY 10 7 25.381580
ZY 11 0 26.632041
ZY 11 1 23.978228
ZY 11 2 28.523377
ZY 11 3 26.424068
ZY 11 4 30.583179
ZY 11 5 31.278511
ZY 11 6 28.454612
ZY 11 7 22.440342
ZY 12 0 22.853524
ZY 12 1 22.968783
ZY 12 2 28.740458
ZY 12 3 33.230566
ZY 12 4 28.458652
ZY 12 5 33.390082
ZY 12 6 33.229866
ZY 12 7 24.881260
ZY 13 0 21.338750
ZY 13 1 26.325320
ZY 13 2 20.687972
ZY 13 3 25.048930
ZY 13 4 37.233414
ZY 13 5 35.123344
ZY 13 6 25.545818
ZY 13 7 19.338625
ZY 14 0 25.339064
ZY 14 1 30.551027
ZY 14 2 29.295114
ZY 14 3 35.119030
ZY 14 4 27.951623
ZY 14 5 29.680748
ZY 14 6 29.917954
ZY 14 7 23.460777
ZY 15 0 23.788867
ZY 15 1 27.069277
ZY 15 2 26.053849
ZY 15 3 26.959369
ZY 15 4 32.825019
ZY 15 5 31.384280
ZY 15 6 26.778745
ZY 15 7 20.723131
ZY 16 0 23.426839
ZY 16 1 24.174347
ZY 16 2 32.130604
ZY 16 3 29.981470
ZY 16 4 28.502934
ZY 16 5 23.640073
ZY 16 6 28.460086
ZY 16 7 23.748627
ZY 17 0 23.403659
ZY 17 1 24.222742
ZY 17 2 25.699007
ZY 17 3 30.571423
ZY 17 4 25.629492
ZY 17 5 27.629934
ZY 17 6 25.340907
ZY 17 7 22.416511
ZY 18 0 26.217978
ZY 18 1 27.068011
ZY 18 2 25.157327
ZY 18 3 30.073986
ZY 18 4 30.667953
ZY 18 5 28.109488
ZY 18 6 28.263204
ZY 18 7 23.628976
ZY 19 0 22.736737
ZY 19 1 26.523138
ZY 19 2 23.494826
ZY 19 3 23.794158
ZY 19 4 28.435364
ZY 19 5 26.263725
ZY 19 6 27.771022
ZY 19 7 28.299670
ZY 20 0 25.248739
ZY 20 1 30.321026
ZY 20 2 28.159501
ZY 20 3 31.320059
ZY 20 4 34.723178
ZY 20 5 25.202268
ZY 20 6 26.204658
ZY 20 7 22.369659
ZY 21 0 23.526641
ZY 21 1 33.990689
ZY 21 2 27.617122
ZY 21 3 29.335375
ZY 21 4 30.459998
ZY 21 5 30.029182
ZY 21 6 25.912092
ZY 21 7 22.296076
ZY 22 0 22.628737
ZY 22 1 32.161275
ZY 22 2 27.669267
ZY 22 3 27.884575
ZY 22 4 28.396582
ZY 22 5 27.614946
ZY 22 6 26.923016
ZY 22 7 27.077458
ZY 23 0 25.613541
ZY 23 1 22.153700
ZY 23 2 23.903372
ZY 23 3 31.681270
ZY 23 4 28.092001
ZY 23 5 29.620174
ZY 23 6 28.658374
ZY 23 7 22.860612
ZY 24 0 19.979268
ZY 24 1 28.265092
ZY 24 2 23.456666
ZY 24 3 29.397558
ZY 24 4 33.345584
ZY 24 5 32.473376
ZY 24 6 27.058674
ZY 24 7 23.370116
ZY 25 0 25.600267
ZY 25 1 31.976747
ZY 25 2 33.207840
ZY 25 3 29.068206
ZY 25 4 24.568065
ZY 25 5 31.199194
ZY 25 6 28.783683
ZY 25 7 21.944142
ZY 26 0 22.963528
ZY 26 1 27.480519
ZY 26 2 25.594798
ZY 26 3 30.585105
ZY 26 4 34.058028
ZY 26 5 31.621628
ZY 26 6 30.402180
ZY 26 7 25.985743
ZY 27 0 24.389380
ZY 27 1 25.558125
ZY 27 2 29.830787
ZY 27 3 30.574382
ZY 27 4 29.659590
ZY 27 5 30.478855
ZY 27 6 26.110139
ZY 27 7 23.410486
ZY 28 0 22.457019
ZY 28 1 31.509092
ZY 28 2 30.235532
ZY 28 3 22.500411
ZY 28 4 41.248463
ZY 28 5 35.156376
ZY 28 6 27.031202
ZY 28 7 27.733139
ZY 29 0 23.587131
ZY 29 1 28.782874
ZY 29 2 29.637544
ZY 29 3 27.768466
ZY 29 4 30.565520
ZY 29 5 31.495476
ZY 29 6 26.110925
ZY 29 7 24.238767
ZY 30 0 22.147226
ZY 30 1 28.605648
ZY 30 2 29.062065
ZY 30 3 33.317453
ZY 30 4 31.712178
ZY 30 5 30.021596
ZY 30 6 23.961393
ZY 30 7 28.280578
ZY 31 0 18.233915
ZY 31 1 25.610128
ZY 31 2 25.837688
ZY 31 3 28.100052
ZY 31 4 29.628097
ZY 31 5 27.061277
ZY 31 6 26.856965
ZY 31 7 22.782424
ZY 32 0 19.633894
ZY 32 1 27.665683
ZY 32 2 34.126528
ZY 32 3 26.221985
ZY 32 4 30.207997
ZY 32 5 33.161847
ZY 32 6 31.144207
ZY 32 7 23.664700
ZY 33 0 23.966602
ZY 33 1 22.598922
ZY 33 2 25.012474
ZY 33 3 28.871904
ZY 33 4 30.312830
ZY 33 5 29.129231
ZY 33 6 26.277699
ZY 33 7 20.327190
ZY 34 0 14.533281
ZY 34 1 16.883111
ZY 34 2 25.095240
ZY 34 3 30.075155
ZY 34 4 30.580195
ZY 34 5 24.359785
ZY 34 6 31.431218
ZY 34 7 21.509523
ZY 35 0 23.163239
ZY 35 1 24.429217
ZY 35 2 27.140444
ZY 35 3 30.075459
ZY 35 4 30.598537
ZY 35 5 27.748448
ZY 35 6 28.339706
ZY 35 7 -1.000000
ZY 36 0 20.465676
ZY 36 1 20.881429
ZY 36 2 30.277130
ZY 36 3 28.238555
ZY 36 4 32.434408
ZY 36 5 10.625040
ZY 36 6 32.702551
ZY 36 7 21.759719
ZY 37 0 28.135074
ZY 37 1 27.298758
ZY 37 2 26.130404
ZY 37 3 30.187381
ZY 37 4 34.063468
ZY 37 5 27.866173
ZY 37 6 27.283386
ZY 37 7 20.754422
ZY 38 0 23.477228
ZY 38 1 27.926075
ZY 38 2 24.703731
ZY 38 3 28.722133
ZY 38 4 29.415834
ZY 38 5 29.705264
ZY 38 6 28.697345
ZY 38 7 25.070703
ZY 39 0 25.452518
ZY 39 1 26.930152
ZY 39 2 31.150460
ZY 39 3 28.923959
ZY 39 4 31.377077
ZY 39 5 24.416498
ZY 39 6 27.970106
ZY 39 7 24.427601
ZY 40 0 22.706076
ZY 40 1 24.745989
ZY 40 2 31.200356
ZY 40 3 27.629451
ZY 40 4 31.486302
ZY 40 5 29.340544
ZY 40 6 19.947672
ZY 40 7 21.814417
ZY 41 0 24.120369
ZY 41 1 28.167415
ZY 41 2 25.787957
ZY 41 3 24.825229
ZY 41 4 32.159902
ZY 41 5 27.830548
ZY 41 6 28.833673
ZY 41 7 19.929423
ZY 42 0 14.508079
ZY 42 1 24.094115
ZY 42 2 22.525031
ZY 42 3 27.863812
ZY 42 4 30.526746
ZY 42 5 30.764005
ZY 42 6 28.907945
ZY 42 7 25.297602
ZY 43 0 24.311829
ZY 43 1 34.966533
ZY 43 2 30.617691
ZY 43 3 23.114451
ZY 43 4 27.733623
ZY 43 5 25.003957
ZY 43 6 28.790303
ZY 43 7 22.005078
ZY 44 0 21.701255
ZY 44 1 23.161213
ZY 44 2 22.749386
ZY 44 3 31.019695
ZY 44 4 27.894913
ZY 44 5 26.459197
ZY 44 6 31.563752
ZY 44 7 23.273167
ZY 45 0 28.621965
ZY 45 1 34.313051
ZY 45 2 33.019667
ZY 45 3 29.102459
ZY 45 4 30.311038
ZY 45 5 27.625261
ZY 45 6 26.770434
ZY 45 7 19.400072
ZY 46 0 22.110699
ZY 46 1 24.460515
ZY 46 2 24.618694
ZY 46 3 33.038733
ZY 46 4 28.296334
ZY 46 5 28.325585
ZY 46 6 29.821716
ZY 46 7 18.690699
ZY 47 0 24.426138
ZY 47 1 20.709274
ZY 47 2 23.483379
ZY 47 3 21.911897
ZY 47 4 24.955784
ZY 47 5 22.200792
ZY 47 6 22.998928
ZY 47 7 -1.000000
