XY 0 0 43.255391
XY 0 1 63.594374
XY 0 2 63.615638
XY 0 3 62.872972
XY 0 4 63.653341
XY 0 5 62.053619
XY 0 6 64.507115
XY 0 7 -1.000000
XY 1 0 68.240836
XY 1 1 73.893121
XY 1 2 66.110160
XY 1 3 67.416817
XY 1 4 78.438758
XY 1 5 68.372046
XY 1 6 74.229597
XY 1 7 59.150502
XY 2 0 63.988219
XY 2 1 64.820294
XY 2 2 75.345992
XY 2 3 62.988497
XY 2 4 66.368497
XY 2 5 71.991102
XY 2 6 68.842411
XY 2 7 63.736867
XY 3 0 66.540681
XY 3 1 60.784852
XY 3 2 72.430376
XY 3 3 75.390581
XY 3 4 69.187825
XY 3 5 69.670797
XY 3 6 66.054202
XY 3 7 69.050739
XY 4 0 34.657501
XY 4 1 -1.000000
XY 4 2 63.174921
XY 4 3 66.632347
XY 4 4 50.731831
XY 4 5 66.881055
XY 4 6 77.290942
XY 4 7 61.935578
XY 5 0 72.945493
XY 5 1 68.006864
XY 5 2 76.287758
XY 5 3 77.109862
XY 5 4 74.254115
XY 5 5 82.083681
XY 5 6 74.277542
XY 5 7 70.614848
XY 6 0 59.693223
XY 6 1 67.715612
XY 6 2 67.834141
XY 6 3 66.299016
XY 6 4 61.565560
XY 6 5 71.393849
XY 6 6 69.793767
XY 6 7 65.570170
XY 7 0 69.032832
XY 7 1 73.423373
XY 7 2 75.199147
XY 7 3 78.502179
XY 7 4 75.086477
XY 7 5 83.372157
XY 7 6 72.933906
XY 7 7 72.217429
XY 8 0 58.170414
XY 8 1 68.342649
XY 8 2 70.235785
XY 8 3 73.398782
XY 8 4 -1.000000
XY 8 5 72.235163
XY 8 6 71.934624
XY 8 7 56.461869
XY 9 0 66.428955
XY 9 1 66.971811
XY 9 2 69.571580
XY 9 3 69.449240
XY 9 4 -1.000000
XY 9 5 68.469663
XY 9 6 71.319707
XY 9 7 64.166550
XY 10 0 63.731514
XY 10 1 64.760628
XY 10 2 63.735852
XY 10 3 77.853436
XY 10 4 42.973176
XY 10 5 73.047417
XY 10 6 76.348027
XY 10 7 64.454187
XY 11 0 65.495183
XY 11 1 64.539999
XY 11 2 69.677030
XY 11 3 65.985072
XY 11 4 -1.000000
XY 11 5 76.983110
XY 11 6 70.414157
XY 11 7 59.172295
XY 12 0 55.234093
XY 12 1 60.117158
XY 12 2 68.871419
XY 12 3 68.311713
XY 12 4 53.186908
XY 12 5 75.430162
XY 12 6 69.313518
XY 12 7 55.519889
XY 13 0 63.790025
XY 13 1 70.107556
XY 13 2 75.156485
XY 13 3 72.138221
XY 13 4 -1.000000
XY 13 5 76.091233
XY 13 6 65.971093
XY 13 7 56.201730
XY 14 0 62.422680
XY 14 1 69.046273
XY 14 2 67.304606
XY 14 3 69.431416
XY 14 4 68.996238
XY 14 5 71.703902
XY 14 6 62.128649
XY 14 7 62.077805
XY 15 0 64.749104
XY 15 1 68.317406
XY 15 2 72.812721
XY 15 3 68.968336
XY 15 4 -1.000000
XY 15 5 82.021715
XY 15 6 72.906639
XY 15 7 57.463198
XY 16 0 61.103573
XY 16 1 56.651804
XY 16 2 69.104008
XY 16 3 69.182466
XY 16 4 62.122988
XY 16 5 61.425365
XY 16 6 75.523462
XY 16 7 68.522291
XY 17 0 62.941066
XY 17 1 66.011929
XY 17 2 47.442618
XY 17 3 67.691983
XY 17 4 66.343241
XY 17 5 68.010626
XY 17 6 61.978115
XY 17 7 66.384323
XY 18 0 65.197985
XY 18 1 65.681472
XY 18 2 86.988875
XY 18 3 67.428218
XY 18 4 73.681489
XY 18 5 69.219971
XY 18 6 67.378085
XY 18 7 69.754288
XY 19 0 60.914616
XY 19 1 62.784689
XY 19 2 70.474326
XY 19 3 68.815688
XY 19 4 70.932903
XY 19 5 65.849767
XY 19 6 66.844852
XY 19 7 57.917833
XY 20 0 60.515392
XY 20 1 45.763135
XY 20 2 71.264366
XY 20 3 72.682304
XY 20 4 59.536292
XY 20 5 75.751097
XY 20 6 71.877739
XY 20 7 60.850904
XY 21 0 62.827968
XY 21 1 62.813404
XY 21 2 79.019984
XY 21 3 73.472679
XY 21 4 67.478510
XY 21 5 71.800395
XY 21 6 74.529785
XY 21 7 58.523072
XY 22 0 62.775558
XY 22 1 47.772933
XY 22 2 72.274161
XY 22 3 -1.000000
XY 22 4 67.528189
XY 22 5 -1.000000
XY 22 6 69.106498
XY 22 7 60.116844
XY 23 0 65.037128
XY 23 1 57.628067
XY 23 2 62.603966
XY 23 3 63.498643
XY 23 4 67.423650
XY 23 5 70.886533
XY 23 6 82.969868
XY 23 7 67.167861
XZ 0 0 47.576294
XZ 0 1 41.476922
XZ 0 2 69.141718
XZ 0 3 62.722122
XZ 0 4 51.686023
XZ 0 5 63.913354
XZ 0 6 46.751263
XZ 0 7 59.075681
XZ 0 8 58.865327
XZ 0 9 71.903843
XZ 0 10 70.486622
XZ 0 11 67.666435
XZ 0 12 19.994667
XZ 0 13 59.576068
XZ 0 14 60.763476
XZ 0 15 69.808038
XZ 0 16 55.682738
XZ 0 17 65.670810
XZ 0 18 73.902584
XZ 0 19 64.148452
XZ 0 20 67.837188
XZ 0 21 51.314966
XZ 0 22 70.550564
XZ 0 23 64.430375
XZ 0 24 50.734636
XZ 0 25 20.453859
XZ 0 26 58.537719
XZ 0 27 76.636343
XZ 0 28 58.901577
XZ 0 29 80.574218
XZ 0 30 59.534839
XZ 0 31 62.861232
XZ 0 32 68.049409
XZ 0 33 81.027524
XZ 0 34 66.684637
XZ 0 35 67.060132
XZ 0 36 60.972758
XZ 0 37 69.867110
XZ 0 38 64.790710
XZ 0 39 70.801257
XZ 0 40 50.863107
XZ 0 41 71.562604
XZ 0 42 70.421037
XZ 0 43 71.499957
XZ 0 44 71.158048
XZ 0 45 60.107213
XZ 0 46 72.762576
XZ 0 47 58.254831
XZ 1 0 53.132872
XZ 1 1 62.642427
XZ 1 2 69.965365
XZ 1 3 70.715610
XZ 1 4 70.242443
XZ 1 5 61.779769
XZ 1 6 67.352343
XZ 1 7 70.896181
XZ 1 8 65.806463
XZ 1 9 83.993506
XZ 1 10 69.402358
XZ 1 11 87.451074
XZ 1 12 73.341693
XZ 1 13 63.853132
XZ 1 14 63.226994
XZ 1 15 71.641356
XZ 1 16 62.397423
XZ 1 17 71.550378
XZ 1 18 58.689988
XZ 1 19 69.343711
XZ 1 20 62.497204
XZ 1 21 70.294135
XZ 1 22 80.801162
XZ 1 23 76.102869
XZ 1 24 50.401016
XZ 1 25 87.565090
XZ 1 26 82.833198
XZ 1 27 88.206520
XZ 1 28 71.200923
XZ 1 29 81.639205
XZ 1 30 75.410990
XZ 1 31 77.195370
XZ 1 32 84.364537
XZ 1 33 73.320043
XZ 1 34 64.625828
XZ 1 35 86.759189
XZ 1 36 78.916023
XZ 1 37 80.693825
XZ 1 38 67.604966
XZ 1 39 76.030307
XZ 1 40 72.544664
XZ 1 41 65.490167
XZ 1 42 52.232533
XZ 1 43 71.896875
XZ 1 44 76.465211
XZ 1 45 62.070357
XZ 1 46 71.249749
XZ 1 47 63.053019
XZ 2 0 63.169662
XZ 2 1 72.406712
XZ 2 2 70.548593
XZ 2 3 71.189713
XZ 2 4 65.931785
XZ 2 5 72.998988
XZ 2 6 77.402361
XZ 2 7 76.962967
XZ 2 8 61.588630
XZ 2 9 78.301520
XZ 2 10 75.359642
XZ 2 11 84.304033
XZ 2 12 63.020762
XZ 2 13 75.390833
XZ 2 14 48.288402
XZ 2 15 71.080325
XZ 2 16 78.626918
XZ 2 17 74.800030
XZ 2 18 72.752550
XZ 2 19 83.702312
XZ 2 20 82.572560
XZ 2 21 65.026662
XZ 2 22 77.950440
XZ 2 23 63.939138
XZ 2 24 82.388696
XZ 2 25 95.468580
XZ 2 26 78.348203
XZ 2 27 91.592608
XZ 2 28 89.118793
XZ 2 29 84.265358
XZ 2 30 74.629801
XZ 2 31 77.807680
XZ 2 32 70.483189
XZ 2 33 86.619565
XZ 2 34 64.620157
XZ 2 35 74.582735
XZ 2 36 71.290221
XZ 2 37 77.002177
XZ 2 38 81.163855
XZ 2 39 76.801726
XZ 2 40 66.545246
XZ 2 41 73.798946
XZ 2 42 85.149250
XZ 2 43 63.677613
XZ 2 44 66.277284
XZ 2 45 71.727986
XZ 2 46 85.790343
XZ 2 47 65.913221
XZ 3 0 60.437808
XZ 3 1 51.552035
XZ 3 2 67.671448
XZ 3 3 75.256031
XZ 3 4 65.030264
XZ 3 5 75.127007
XZ 3 6 69.637199
XZ 3 7 74.431936
XZ 3 8 78.266753
XZ 3 9 74.582926
XZ 3 10 63.981844
XZ 3 11 88.712724
XZ 3 12 72.126267
XZ 3 13 84.778877
XZ 3 14 66.717879
XZ 3 15 64.073223
XZ 3 16 89.881031
XZ 3 17 59.920846
XZ 3 18 71.695099
XZ 3 19 89.639602
XZ 3 20 83.144060
XZ 3 21 52.992392
XZ 3 22 87.667005
XZ 3 23 57.659924
XZ 3 24 72.292830
XZ 3 25 93.100151
XZ 3 26 79.137926
XZ 3 27 80.114693
XZ 3 28 75.641119
XZ 3 29 75.756470
XZ 3 30 94.104972
XZ 3 31 67.277514
XZ 3 32 78.874713
XZ 3 33 58.933422
XZ 3 34 58.985291
XZ 3 35 79.650822
XZ 3 36 93.105789
XZ 3 37 68.415919
XZ 3 38 67.371636
XZ 3 39 87.683497
XZ 3 40 75.606580
XZ 3 41 73.270089
XZ 3 42 44.993335
XZ 3 43 75.130872
XZ 3 44 85.608271
XZ 3 45 75.154673
XZ 3 46 72.352463
XZ 3 47 58.911640
XZ 4 0 63.764153
XZ 4 1 54.275325
XZ 4 2 66.743231
XZ 4 3 75.446926
XZ 4 4 56.707539
XZ 4 5 77.672676
XZ 4 6 67.220702
XZ 4 7 72.305772
XZ 4 8 82.519747
XZ 4 9 79.305178
XZ 4 10 84.030395
XZ 4 11 84.637241
XZ 4 12 71.898483
XZ 4 13 81.417639
XZ 4 14 69.169697
XZ 4 15 87.011855
XZ 4 16 69.690535
XZ 4 17 63.240475
XZ 4 18 55.544224
XZ 4 19 79.654045
XZ 4 20 68.365167
XZ 4 21 69.054608
XZ 4 22 85.811439
XZ 4 23 81.977293
XZ 4 24 86.765553
XZ 4 25 66.543039
XZ 4 26 75.156236
XZ 4 27 78.665988
XZ 4 28 76.817794
XZ 4 29 77.516952
XZ 4 30 61.391305
XZ 4 31 71.407199
XZ 4 32 60.450258
XZ 4 33 72.177307
XZ 4 34 74.815134
XZ 4 35 80.688299
XZ 4 36 74.704893
XZ 4 37 68.265722
XZ 4 38 84.785246
XZ 4 39 59.861925
XZ 4 40 73.453201
XZ 4 41 77.299603
XZ 4 42 62.342734
XZ 4 43 78.448278
XZ 4 44 61.606473
XZ 4 45 83.734432
XZ 4 46 73.097915
XZ 4 47 71.445346
XZ 5 0 46.051065
XZ 5 1 55.096052
XZ 5 2 75.041741
XZ 5 3 66.696631
XZ 5 4 65.796891
XZ 5 5 75.174872
XZ 5 6 77.100575
XZ 5 7 76.961276
XZ 5 8 70.265872
XZ 5 9 77.755861
XZ 5 10 72.469368
XZ 5 11 79.888768
XZ 5 12 74.752410
XZ 5 13 84.523731
XZ 5 14 77.003781
XZ 5 15 81.461399
XZ 5 16 66.608915
XZ 5 17 62.817892
XZ 5 18 79.287328
XZ 5 19 75.703763
XZ 5 20 92.295705
XZ 5 21 85.553309
XZ 5 22 73.558529
XZ 5 23 77.507110
XZ 5 24 77.672298
XZ 5 25 90.368169
XZ 5 26 113.452368
XZ 5 27 95.835894
XZ 5 28 72.433506
XZ 5 29 85.916410
XZ 5 30 79.242790
XZ 5 31 72.691686
XZ 5 32 75.476672
XZ 5 33 73.810524
XZ 5 34 77.468398
XZ 5 35 70.896987
XZ 5 36 88.515412
XZ 5 37 93.206906
XZ 5 38 74.297161
XZ 5 39 87.751619
XZ 5 40 81.165284
XZ 5 41 69.743898
XZ 5 42 80.341352
XZ 5 43 68.568328
XZ 5 44 63.233269
XZ 5 45 80.954141
XZ 5 46 69.276333
XZ 5 47 52.033807
XZ 6 0 48.864786
XZ 6 1 75.500783
XZ 6 2 72.250904
XZ 6 3 61.817453
XZ 6 4 67.482924
XZ 6 5 77.074930
XZ 6 6 73.805755
XZ 6 7 68.843551
XZ 6 8 81.368923
XZ 6 9 86.726339
XZ 6 10 70.146989
XZ 6 11 86.368594
XZ 6 12 54.908248
XZ 6 13 83.025916
XZ 6 14 65.872835
XZ 6 15 80.711800
XZ 6 16 79.166231
XZ 6 17 83.037342
XZ 6 18 72.735812
XZ 6 19 63.694537
XZ 6 20 78.441737
XZ 6 21 79.210594
XZ 6 22 80.019435
XZ 6 23 77.706269
XZ 6 24 86.986313
XZ 6 25 83.930258
XZ 6 26 96.657259
XZ 6 27 80.082716
XZ 6 28 73.744931
XZ 6 29 80.124829
XZ 6 30 71.570966
XZ 6 31 75.314357
XZ 6 32 84.329238
XZ 6 33 90.327248
XZ 6 34 82.999258
XZ 6 35 93.589740
XZ 6 36 76.408784
XZ 6 37 83.197289
XZ 6 38 72.250048
XZ 6 39 74.316329
XZ 6 40 72.828985
XZ 6 41 81.529549
XZ 6 42 80.620314
XZ 6 43 87.651356
XZ 6 44 73.305714
XZ 6 45 84.006283
XZ 6 46 72.648226
XZ 6 47 79.805911
XZ 7 0 45.987929
XZ 7 1 63.809814
XZ 7 2 64.690507
XZ 7 3 78.428253
XZ 7 4 78.285754
XZ 7 5 71.620090
XZ 7 6 75.085121
XZ 7 7 77.759644
XZ 7 8 69.284238
XZ 7 9 98.257568
XZ 7 10 81.980920
XZ 7 11 80.182341
XZ 7 12 65.767517
XZ 7 13 83.721266
XZ 7 14 63.583247
XZ 7 15 69.295824
XZ 7 16 71.662522
XZ 7 17 83.858174
XZ 7 18 67.203422
XZ 7 19 77.612631
XZ 7 20 79.224185
XZ 7 21 75.253068
XZ 7 22 44.777489
XZ 7 23 -1.000000
XZ 7 24 72.472907
XZ 7 25 75.445768
XZ 7 26 84.047450
XZ 7 27 98.730769
XZ 7 28 68.281177
XZ 7 29 75.784469
XZ 7 30 83.150674
XZ 7 31 93.884358
XZ 7 32 79.968326
XZ 7 33 68.704270
XZ 7 34 74.960518
XZ 7 35 63.121944
XZ 7 36 81.376796
XZ 7 37 72.034335
XZ 7 38 50.113414
XZ 7 39 68.983172
XZ 7 40 81.724226
XZ 7 41 61.298319
XZ 7 42 59.202037
XZ 7 43 82.531674
XZ 7 44 72.664821
XZ 7 45 78.740615
XZ 7 46 82.108695
XZ 7 47 64.889330
XZ 8 0 52.255088
XZ 8 1 74.812784
XZ 8 2 74.379295
XZ 8 3 82.569788
XZ 8 4 67.286303
XZ 8 5 68.065752
XZ 8 6 72.524273
XZ 8 7 95.750824
XZ 8 8 70.654496
XZ 8 9 80.909263
XZ 8 10 76.845146
XZ 8 11 91.754473
XZ 8 12 86.961376
XZ 8 13 80.830283
XZ 8 14 71.408870
XZ 8 15 81.223488
XZ 8 16 83.149906
XZ 8 17 75.132525
XZ 8 18 76.492245
XZ 8 19 89.547067
XZ 8 20 77.669550
XZ 8 21 74.463514
XZ 8 22 70.713197
XZ 8 23 66.098103
XZ 8 24 88.094906
XZ 8 25 88.161165
XZ 8 26 79.904518
XZ 8 27 97.383342
XZ 8 28 98.688937
XZ 8 29 60.490914
XZ 8 30 80.023165
XZ 8 31 69.239267
XZ 8 32 66.117856
XZ 8 33 67.374173
XZ 8 34 67.235798
XZ 8 35 72.956965
XZ 8 36 79.322425
XZ 8 37 67.510661
XZ 8 38 72.016056
XZ 8 39 66.604296
XZ 8 40 70.943287
XZ 8 41 72.826378
XZ 8 42 61.672622
XZ 8 43 86.931610
XZ 8 44 62.995651
XZ 8 45 74.126606
XZ 8 46 75.275407
XZ 8 47 50.622021
XZ 9 0 54.537701
XZ 9 1 74.987268
XZ 9 2 72.440014
XZ 9 3 77.811712
XZ 9 4 65.930021
XZ 9 5 78.619100
XZ 9 6 79.120252
XZ 9 7 84.628230
XZ 9 8 68.304847
XZ 9 9 85.941149
XZ 9 10 77.256955
XZ 9 11 92.808756
XZ 9 12 75.238783
XZ 9 13 76.635513
XZ 9 14 78.368090
XZ 9 15 61.644744
XZ 9 16 87.045896
XZ 9 17 83.470151
XZ 9 18 58.075161
XZ 9 19 80.292402
XZ 9 20 86.735111
XZ 9 21 66.369213
XZ 9 22 80.126480
XZ 9 23 61.170024
XZ 9 24 105.468497
XZ 9 25 81.766249
XZ 9 26 94.604088
XZ 9 27 72.672873
XZ 9 28 86.205337
XZ 9 29 60.656525
XZ 9 30 90.878307
XZ 9 31 87.205912
XZ 9 32 62.166942
XZ 9 33 73.550967
XZ 9 34 68.537257
XZ 9 35 68.490192
XZ 9 36 69.004226
XZ 9 37 67.975505
XZ 9 38 72.146974
XZ 9 39 70.020503
XZ 9 40 71.601617
XZ 9 41 72.702252
XZ 9 42 71.817111
XZ 9 43 75.916372
XZ 9 44 78.422988
XZ 9 45 79.675249
XZ 9 46 74.715811
XZ 9 47 74.659368
XZ 10 0 48.574775
XZ 10 1 74.902070
XZ 10 2 63.513906
XZ 10 3 83.357304
XZ 10 4 75.585717
XZ 10 5 79.596580
XZ 10 6 81.214670
XZ 10 7 72.386656
XZ 10 8 84.258265
XZ 10 9 88.729181
XZ 10 10 81.921521
XZ 10 11 74.330664
XZ 10 12 63.877148
XZ 10 13 80.913116
XZ 10 14 66.868310
XZ 10 15 78.768488
XZ 10 16 59.275378
XZ 10 17 86.088125
XZ 10 18 60.023688
XZ 10 19 73.569415
XZ 10 20 66.484896
XZ 10 21 70.221024
XZ 10 22 55.468100
XZ 10 23 77.589045
XZ 10 24 61.110939
XZ 10 25 56.543944
XZ 10 26 44.069767
XZ 10 27 90.149089
XZ 10 28 78.165731
XZ 10 29 73.575550
XZ 10 30 69.497149
XZ 10 31 67.486120
XZ 10 32 68.285393
XZ 10 33 80.910027
XZ 10 34 72.085638
XZ 10 35 67.714629
XZ 10 36 70.206844
XZ 10 37 74.231921
XZ 10 38 66.666458
XZ 10 39 66.231171
XZ 10 40 59.220135
XZ 10 41 78.517952
XZ 10 42 69.573176
XZ 10 43 74.179546
XZ 10 44 68.029481
XZ 10 45 81.512376
XZ 10 46 68.699953
XZ 10 47 71.806505
XZ 11 0 62.554562
XZ 11 1 67.927388
XZ 11 2 81.558515
XZ 11 3 70.466735
XZ 11 4 73.786703
XZ 11 5 78.124886
XZ 11 6 68.717241
XZ 11 7 76.835560
XZ 11 8 61.271502
XZ 11 9 84.874882
XZ 11 10 84.684318
XZ 11 11 92.771519
XZ 11 12 62.730955
XZ 11 13 87.081809
XZ 11 14 65.862377
XZ 11 15 71.122305
XZ 11 16 71.636958
XZ 11 17 70.462410
XZ 11 18 69.223632
XZ 11 19 67.334887
XZ 11 20 82.360707
XZ 11 21 75.978881
XZ 11 22 70.536156
XZ 11 23 64.833513
XZ 11 24 71.780469
XZ 11 25 80.106911
XZ 11 26 77.341744
XZ 11 27 98.687206
XZ 11 28 69.358248
XZ 11 29 70.122136
XZ 11 30 61.769020
XZ 11 31 73.669913
XZ 11 32 53.480990
XZ 11 33 70.440531
XZ 11 34 70.318626
XZ 11 35 81.449524
XZ 11 36 64.364652
XZ 11 37 78.666614
XZ 11 38 70.205481
XZ 11 39 75.439581
XZ 11 40 63.998820
XZ 11 41 72.916664
XZ 11 42 74.500536
XZ 11 43 75.942403
XZ 11 44 84.937655
XZ 11 45 79.492082
XZ 11 46 65.794711
XZ 11 47 67.647909
XZ 12 0 49.564804
XZ 12 1 67.791101
XZ 12 2 70.036507
XZ 12 3 60.462144
XZ 12 4 71.231392
XZ 12 5 75.948188
XZ 12 6 67.487504
XZ 12 7 79.137848
XZ 12 8 82.574562
XZ 12 9 85.355962
XZ 12 10 78.210967
XZ 12 11 86.035457
XZ 12 12 69.230494
XZ 12 13 70.504640
XZ 12 14 80.352900
XZ 12 15 74.149811
XZ 12 16 58.370573
XZ 12 17 87.252655
XZ 12 18 57.243328
XZ 12 19 57.850038
XZ 12 20 59.698613
XZ 12 21 67.134591
XZ 12 22 87.021460
XZ 12 23 76.065723
XZ 12 24 89.978951
XZ 12 25 67.046334
XZ 12 26 79.015417
XZ 12 27 87.164760
XZ 12 28 83.395083
XZ 12 29 91.254484
XZ 12 30 76.271342
XZ 12 31 80.154000
XZ 12 32 73.519230
XZ 12 33 78.058976
XZ 12 34 57.422216
XZ 12 35 76.068321
XZ 12 36 69.664268
XZ 12 37 82.102549
XZ 12 38 81.988759
XZ 12 39 90.784828
XZ 12 40 73.320274
XZ 12 41 71.984041
XZ 12 42 59.614622
XZ 12 43 76.611561
XZ 12 44 72.427716
XZ 12 45 86.395079
XZ 12 46 68.968499
XZ 12 47 76.197064
XZ 13 0 -1.000000
XZ 13 1 74.456350
XZ 13 2 60.731032
XZ 13 3 80.635844
XZ 13 4 56.108063
XZ 13 5 86.879358
XZ 13 6 61.589527
XZ 13 7 80.278417
XZ 13 8 81.840100
XZ 13 9 83.210288
XZ 13 10 74.560277
XZ 13 11 88.777179
XZ 13 12 60.448255
XZ 13 13 83.437781
XZ 13 14 69.356383
XZ 13 15 71.334982
XZ 13 16 68.402566
XZ 13 17 75.721668
XZ 13 18 58.387062
XZ 13 19 73.556473
XZ 13 20 78.546804
XZ 13 21 68.356105
XZ 13 22 55.517370
XZ 13 23 74.134882
XZ 13 24 87.982627
XZ 13 25 64.937561
XZ 13 26 82.807092
XZ 13 27 78.106082
XZ 13 28 67.635434
XZ 13 29 72.915299
XZ 13 30 66.255186
XZ 13 31 63.617401
XZ 13 32 68.594491
XZ 13 33 84.072641
XZ 13 34 74.622237
XZ 13 35 76.490482
XZ 13 36 71.943514
XZ 13 37 77.693692
XZ 13 38 71.673753
XZ 13 39 79.850809
XZ 13 40 72.061269
XZ 13 41 62.653284
XZ 13 42 76.528549
XZ 13 43 57.954087
XZ 13 44 83.181116
XZ 13 45 77.190917
XZ 13 46 72.090562
XZ 13 47 61.037337
XZ 14 0 50.636674
XZ 14 1 56.590823
XZ 14 2 60.675620
XZ 14 3 83.338905
XZ 14 4 67.287112
XZ 14 5 78.776273
XZ 14 6 75.950766
XZ 14 7 81.808331
XZ 14 8 80.794606
XZ 14 9 87.287268
XZ 14 10 72.883429
XZ 14 11 81.913584
XZ 14 12 61.802055
XZ 14 13 84.380769
XZ 14 14 63.556784
XZ 14 15 82.772416
XZ 14 16 48.062374
XZ 14 17 53.537296
XZ 14 18 64.748498
XZ 14 19 86.330537
XZ 14 20 60.330762
XZ 14 21 61.320758
XZ 14 22 83.216369
XZ 14 23 64.864210
XZ 14 24 97.429550
XZ 14 25 113.508388
XZ 14 26 115.355828
XZ 14 27 128.515343
XZ 14 28 60.708083
XZ 14 29 67.449814
XZ 14 30 79.865400
XZ 14 31 99.813156
XZ 14 32 73.857291
XZ 14 33 71.659586
XZ 14 34 71.944682
XZ 14 35 71.242707
XZ 14 36 66.664682
XZ 14 37 70.914165
XZ 14 38 104.016466
XZ 14 39 48.613812
XZ 14 40 79.313620
XZ 14 41 60.966014
XZ 14 42 68.454218
XZ 14 43 63.645410
XZ 14 44 64.452966
XZ 14 45 78.908250
XZ 14 46 68.980624
XZ 14 47 73.148274
XZ 15 0 58.634141
XZ 15 1 72.198510
XZ 15 2 60.080113
XZ 15 3 77.525512
XZ 15 4 70.268305
XZ 15 5 106.230093
XZ 15 6 -1.000000
XZ 15 7 81.849308
XZ 15 8 74.610160
XZ 15 9 95.088299
XZ 15 10 71.147367
XZ 15 11 85.738615
XZ 15 12 80.172853
XZ 15 13 73.100478
XZ 15 14 64.676753
XZ 15 15 89.696121
XZ 15 16 58.804896
XZ 15 17 53.962908
XZ 15 18 85.399321
XZ 15 19 75.642299
XZ 15 20 47.847955
XZ 15 21 70.764961
XZ 15 22 -1.000000
XZ 15 23 -1.000000
XZ 15 24 67.199959
XZ 15 25 78.240671
XZ 15 26 87.063247
XZ 15 27 98.096491
XZ 15 28 82.549519
XZ 15 29 82.362985
XZ 15 30 68.326438
XZ 15 31 86.093717
XZ 15 32 64.914401
XZ 15 33 71.627106
XZ 15 34 72.997513
XZ 15 35 98.065704
XZ 15 36 74.840702
XZ 15 37 71.596787
XZ 15 38 59.916975
XZ 15 39 70.073915
XZ 15 40 80.931452
XZ 15 41 58.637799
XZ 15 42 68.581208
XZ 15 43 67.086382
XZ 15 44 70.133149
XZ 15 45 74.898676
XZ 15 46 68.520098
XZ 15 47 70.575003
XZ 16 0 52.513843
XZ 16 1 71.790934
XZ 16 2 54.575816
XZ 16 3 71.027718
XZ 16 4 66.153713
XZ 16 5 48.783511
XZ 16 6 70.921291
XZ 16 7 73.885899
XZ 16 8 70.912043
XZ 16 9 79.643251
XZ 16 10 84.472393
XZ 16 11 87.835736
XZ 16 12 73.183024
XZ 16 13 66.786856
XZ 16 14 76.088642
XZ 16 15 72.349279
XZ 16 16 63.506512
XZ 16 17 30.685791
XZ 16 18 89.534923
XZ 16 19 75.940779
XZ 16 20 82.852173
XZ 16 21 74.462739
XZ 16 22 95.312606
XZ 16 23 76.718702
XZ 16 24 76.166512
XZ 16 25 71.097493
XZ 16 26 85.075336
XZ 16 27 85.708640
XZ 16 28 68.471270
XZ 16 29 64.054333
XZ 16 30 66.032779
XZ 16 31 56.995241
XZ 16 32 68.109034
XZ 16 33 70.204814
XZ 16 34 73.517208
XZ 16 35 73.704290
XZ 16 36 77.493525
XZ 16 37 70.399380
XZ 16 38 81.841341
XZ 16 39 92.025649
XZ 16 40 75.206997
XZ 16 41 84.544885
XZ 16 42 64.726290
XZ 16 43 78.190344
XZ 16 44 73.195499
XZ 16 45 79.907917
XZ 16 46 77.773117
XZ 16 47 65.030013
XZ 17 0 62.940886
XZ 17 1 55.189146
XZ 17 2 72.991110
XZ 17 3 71.264270
XZ 17 4 61.652895
XZ 17 5 75.248953
XZ 17 6 75.835167
XZ 17 7 80.615585
XZ 17 8 75.404696
XZ 17 9 73.981439
XZ 17 10 90.307068
XZ 17 11 75.083560
XZ 17 12 67.466930
XZ 17 13 69.213846
XZ 17 14 73.014379
XZ 17 15 64.931966
XZ 17 16 88.197458
XZ 17 17 75.810221
XZ 17 18 67.306989
XZ 17 19 87.935716
XZ 17 20 68.761030
XZ 17 21 63.749301
XZ 17 22 67.872203
XZ 17 23 80.135969
XZ 17 24 87.937924
XZ 17 25 97.326091
XZ 17 26 73.113936
XZ 17 27 95.716233
XZ 17 28 65.833851
XZ 17 29 77.497463
XZ 17 30 67.217078
XZ 17 31 83.435784
XZ 17 32 58.031781
XZ 17 33 70.587331
XZ 17 34 83.269354
XZ 17 35 66.243973
XZ 17 36 73.409424
XZ 17 37 81.116275
XZ 17 38 69.294064
XZ 17 39 77.953181
XZ 17 40 67.744857
XZ 17 41 65.485058
XZ 17 42 94.874423
XZ 17 43 72.195784
XZ 17 44 64.552714
XZ 17 45 79.196066
XZ 17 46 74.286706
XZ 17 47 83.524292
XZ 18 0 62.649715
XZ 18 1 72.713227
XZ 18 2 68.144363
XZ 18 3 73.710523
XZ 18 4 69.869685
XZ 18 5 68.429208
XZ 18 6 81.042433
XZ 18 7 75.366126
XZ 18 8 77.999051
XZ 18 9 71.959949
XZ 18 10 82.888514
XZ 18 11 85.785574
XZ 18 12 87.068347
XZ 18 13 78.797174
XZ 18 14 84.902718
XZ 18 15 78.754063
XZ 18 16 89.173164
XZ 18 17 80.716829
XZ 18 18 77.278641
XZ 18 19 72.194362
XZ 18 20 88.792575
XZ 18 21 82.221119
XZ 18 22 65.386744
XZ 18 23 116.266747
XZ 18 24 84.406277
XZ 18 25 73.388617
XZ 18 26 79.008883
XZ 18 27 117.728193
XZ 18 28 119.382130
XZ 18 29 81.050011
XZ 18 30 83.267712
XZ 18 31 82.923894
XZ 18 32 72.452188
XZ 18 33 80.982752
XZ 18 34 70.327196
XZ 18 35 59.457562
XZ 18 36 77.062099
XZ 18 37 89.927045
XZ 18 38 69.107660
XZ 18 39 75.591115
XZ 18 40 65.530676
XZ 18 41 104.098448
XZ 18 42 21.632456
XZ 18 43 74.220186
XZ 18 44 59.084160
XZ 18 45 78.352465
XZ 18 46 64.936902
XZ 18 47 60.304555
XZ 19 0 61.715808
XZ 19 1 65.332611
XZ 19 2 61.882195
XZ 19 3 75.980121
XZ 19 4 62.694357
XZ 19 5 79.565950
XZ 19 6 74.431821
XZ 19 7 76.552155
XZ 19 8 79.131002
XZ 19 9 75.775708
XZ 19 10 77.396645
XZ 19 11 80.390796
XZ 19 12 71.971414
XZ 19 13 72.746806
XZ 19 14 71.589200
XZ 19 15 73.906262
XZ 19 16 64.496111
XZ 19 17 62.938955
XZ 19 18 66.850803
XZ 19 19 59.481370
XZ 19 20 85.765058
XZ 19 21 57.732638
XZ 19 22 76.563449
XZ 19 23 80.920809
XZ 19 24 56.989015
XZ 19 25 81.239301
XZ 19 26 79.509002
XZ 19 27 95.100198
XZ 19 28 87.677013
XZ 19 29 78.610589
XZ 19 30 84.167318
XZ 19 31 76.932078
XZ 19 32 67.203410
XZ 19 33 61.867566
XZ 19 34 76.861778
XZ 19 35 77.927799
XZ 19 36 69.264002
XZ 19 37 71.447887
XZ 19 38 77.588632
XZ 19 39 63.217782
XZ 19 40 72.475716
XZ 19 41 89.123071
XZ 19 42 67.680991
XZ 19 43 70.373170
XZ 19 44 79.122774
XZ 19 45 78.908588
XZ 19 46 74.184500
XZ 19 47 83.005108
XZ 20 0 58.510494
XZ 20 1 71.676921
XZ 20 2 67.064861
XZ 20 3 70.256316
XZ 20 4 54.193150
XZ 20 5 73.021968
XZ 20 6 76.640151
XZ 20 7 67.716276
XZ 20 8 73.913241
XZ 20 9 84.396771
XZ 20 10 90.268523
XZ 20 11 92.545383
XZ 20 12 55.506620
XZ 20 13 89.418070
XZ 20 14 73.512541
XZ 20 15 72.951874
XZ 20 16 59.460883
XZ 20 17 83.979414
XZ 20 18 83.538079
XZ 20 19 69.081598
XZ 20 20 105.053225
XZ 20 21 76.572954
XZ 20 22 59.960534
XZ 20 23 77.417802
XZ 20 24 75.032921
XZ 20 25 95.934312
XZ 20 26 120.399920
XZ 20 27 23.899204
XZ 20 28 66.207847
XZ 20 29 -1.000000
XZ 20 30 82.424878
XZ 20 31 83.126597
XZ 20 32 71.571759
XZ 20 33 78.154114
XZ 20 34 66.873768
XZ 20 35 79.794510
XZ 20 36 75.276159
XZ 20 37 83.726984
XZ 20 38 89.636587
XZ 20 39 81.092494
XZ 20 40 74.789058
XZ 20 41 85.621023
XZ 20 42 72.404043
XZ 20 43 77.371545
XZ 20 44 74.286871
XZ 20 45 79.107979
XZ 20 46 62.260255
XZ 20 47 62.225964
XZ 21 0 55.116582
XZ 21 1 -1.000000
XZ 21 2 56.824441
XZ 21 3 70.635799
XZ 21 4 42.155103
XZ 21 5 79.431273
XZ 21 6 65.333514
XZ 21 7 77.303785
XZ 21 8 83.953363
XZ 21 9 85.859156
XZ 21 10 77.470560
XZ 21 11 84.256872
XZ 21 12 72.166059
XZ 21 13 83.225283
XZ 21 14 79.973074
XZ 21 15 77.673751
XZ 21 16 50.326884
XZ 21 17 81.455785
XZ 21 18 60.624028
XZ 21 19 78.989814
XZ 21 20 83.458996
XZ 21 21 71.446118
XZ 21 22 76.186684
XZ 21 23 85.729749
XZ 21 24 79.321881
XZ 21 25 85.738823
XZ 21 26 99.027237
XZ 21 27 105.409245
XZ 21 28 94.299058
XZ 21 29 79.709266
XZ 21 30 75.685619
XZ 21 31 81.506519
XZ 21 32 64.684761
XZ 21 33 83.892409
XZ 21 34 71.678080
XZ 21 35 75.377292
XZ 21 36 77.665592
XZ 21 37 70.259924
XZ 21 38 83.340301
XZ 21 39 62.817710
XZ 21 40 67.801653
XZ 21 41 89.759060
XZ 21 42 72.831147
XZ 21 43 87.953862
XZ 21 44 82.799931
XZ 21 45 78.436083
XZ 21 46 75.874987
XZ 21 47 68.239172
XZ 22 0 61.607111
XZ 22 1 66.917118
XZ 22 2 65.850047
XZ 22 3 83.107981
XZ 22 4 72.181035
XZ 22 5 81.253312
XZ 22 6 65.468288
XZ 22 7 70.835931
XZ 22 8 56.687476
XZ 22 9 85.495420
XZ 22 10 79.607466
XZ 22 11 81.107690
XZ 22 12 64.570527
XZ 22 13 82.412915
XZ 22 14 62.047635
XZ 22 15 71.385987
XZ 22 16 62.099483
XZ 22 17 83.825191
XZ 22 18 62.918238
XZ 22 19 73.631200
XZ 22 20 85.780918
XZ 22 21 82.050174
XZ 22 22 89.740227
XZ 22 23 65.134984
XZ 22 24 81.221319
XZ 22 25 92.809502
XZ 22 26 79.196664
XZ 22 27 88.079061
XZ 22 28 76.143843
XZ 22 29 61.854791
XZ 22 30 73.871556
XZ 22 31 72.018368
XZ 22 32 78.710031
XZ 22 33 78.567752
XZ 22 34 81.595731
XZ 22 35 80.780908
XZ 22 36 72.524389
XZ 22 37 63.420575
XZ 22 38 75.069007
XZ 22 39 83.279724
XZ 22 40 66.891476
XZ 22 41 67.360140
XZ 22 42 35.175215
XZ 22 43 64.117043
XZ 22 44 79.249362
XZ 22 45 70.455936
XZ 22 46 66.223228
XZ 22 47 54.616894
XZ 23 0 44.816745
XZ 23 1 54.299803
XZ 23 2 58.860405
XZ 23 3 73.123894
XZ 23 4 61.147389
XZ 23 5 74.431902
XZ 23 6 61.936572
XZ 23 7 68.571100
XZ 23 8 71.689737
XZ 23 9 73.262924
XZ 23 10 75.165870
XZ 23 11 69.437023
XZ 23 12 55.567695
XZ 23 13 70.868766
XZ 23 14 67.410141
XZ 23 15 64.686696
XZ 23 16 67.869559
XZ 23 17 37.996256
XZ 23 18 61.470697
XZ 23 19 83.977195
XZ 23 20 60.233504
XZ 23 21 70.227682
XZ 23 22 61.345906
XZ 23 23 -1.000000
XZ 23 24 66.066487
XZ 23 25 59.936231
XZ 23 26 68.955579
XZ 23 27 82.418259
XZ 23 28 59.670302
XZ 23 29 56.307092
XZ 23 30 47.208163
XZ 23 31 73.715525
XZ 23 32 61.998529
XZ 23 33 79.680299
XZ 23 34 70.338346
XZ 23 35 56.963482
XZ 23 36 59.850488
XZ 23 37 50.754397
XZ 23 38 62.870584
XZ 23 39 73.899281
XZ 23 40 55.950506
XZ 23 41 62.341287
XZ 23 42 61.545104
XZ 23 43 63.833166
XZ 23 44 77.622142
XZ 23 45 64.367382
XZ 23 46 64.124594
XZ 23 47 49.942445
ZY 0 0 45.585144
ZY 0 1 62.339797
ZY 0 2 75.421478
ZY 0 3 57.157005
ZY 0 4 76.322776
ZY 0 5 72.846255
ZY 0 6 85.341822
ZY 0 7 61.334255
ZY 1 0 59.426447
ZY 1 1 72.462177
ZY 1 2 65.927069
ZY 1 3 -1.000000
ZY 1 4 69.672450
ZY 1 5 66.626765
ZY 1 6 76.920535
ZY 1 7 60.601849
ZY 2 0 65.345810
ZY 2 1 89.383037
ZY 2 2 76.742081
ZY 2 3 68.058309
ZY 2 4 93.706492
ZY 2 5 90.029105
ZY 2 6 88.754014
ZY 2 7 69.186097
ZY 3 0 46.985334
ZY 3 1 78.695720
ZY 3 2 71.035251
ZY 3 3 81.853630
ZY 3 4 81.004404
ZY 3 5 86.988330
ZY 3 6 77.037683
ZY 3 7 59.678636
ZY 4 0 73.153605
ZY 4 1 74.402228
ZY 4 2 76.451510
ZY 4 3 81.054215
ZY 4 4 112.361435
ZY 4 5 94.094789
ZY 4 6 87.142499
ZY 4 7 80.878122
ZY 5 0 60.849017
ZY 5 1 71.554582
ZY 5 2 84.878387
ZY 5 3 73.956255
ZY 5 4 88.298969
ZY 5 5 75.298595
ZY 5 6 80.537763
ZY 5 7 68.552769
ZY 6 0 58.468200
ZY 6 1 78.903759
ZY 6 2 72.512142
ZY 6 3 86.403655
ZY 6 4 79.239451
ZY 6 5 83.336778
ZY 6 6 77.987967
ZY 6 7 98.586056
ZY 7 0 68.331596
ZY 7 1 80.732335
ZY 7 2 68.826094
ZY 7 3 79.874695
ZY 7 4 81.589318
ZY 7 5 92.464382
ZY 7 6 83.917471
ZY 7 7 68.364593
ZY 8 0 81.302288
ZY 8 1 86.686395
ZY 8 2 90.603078
ZY 8 3 98.690372
ZY 8 4 88.766705
ZY 8 5 108.797293
ZY 8 6 75.087398
ZY 8 7 68.172147
ZY 9 0 57.556090
ZY 9 1 73.727965
ZY 9 2 74.971323
ZY 9 3 58.336933
ZY 9 4 65.019248
ZY 9 5 80.007938
ZY 9 6 84.810871
ZY 9 7 61.480825
ZY 10 0 80.833101
ZY 10 1 89.310123
ZY 10 2 96.954509
ZY 10 3 89.369681
ZY 10 4 98.014926
ZY 10 5 92.048912
ZY 10 6 79.882920
ZY 10 7 78.208533
ZY 11 0 81.467553
ZY 11 1 72.123798
ZY 11 2 83.729637
ZY 11 3 78.715518
ZY 11 4 90.132140
ZY 11 5 91.394193
ZY 11 6 84.835982
ZY 11 7 68.480446
ZY 12 0 71.988496
ZY 12 1 68.548600
ZY 12 2 86.876394
ZY 12 3 99.516460
ZY 12 4 87.866238
ZY 12 5 104.842131
ZY 12 6 99.363944
ZY 12 7 76.264925
ZY 13 0 68.351215
ZY 13 1 81.079785
ZY 13 2 61.063773
ZY 13 3 76.079294
ZY 13 4 112.060794
ZY 13 5 110.355941
ZY 13 6 76.906219
ZY 13 7 60.837203
ZY 14 0 77.950838
ZY 14 1 90.937247
ZY 14 2 89.606786
ZY 14 3 109.333756
ZY 14 4 83.303970
ZY 14 5 88.565373
ZY 14 6 88.908923
ZY 14 7 72.069289
ZY 15 0 71.525509
ZY 15 1 80.348955
ZY 15 2 79.290457
ZY 15 3 82.448131
ZY 15 4 97.742417
ZY 15 5 91.591677
ZY 15 6 79.222399
ZY 15 7 61.788050
ZY 16 0 72.745516
ZY 16 1 71.562256
ZY 16 2 97.002689
ZY 16 3 90.112721
ZY 16 4 83.745289
ZY 16 5 69.052847
ZY 16 6 82.213561
ZY 16 7 70.983881
ZY 17 0 71.175981
ZY 17 1 74.232968
ZY 17 2 77.115605
ZY 17 3 88.816558
ZY 17 4 81.115695
ZY 17 5 82.402834
ZY 17 6 75.839349
ZY 17 7 70.107365
ZY 18 0 79.830374
ZY 18 1 82.066734
ZY 18 2 74.663381
ZY 18 3 93.592311
ZY 18 4 91.259547
ZY 18 5 87.029530
ZY 18 6 87.901164
ZY 18 7 72.290044
ZY 19 0 69.411507
ZY 19 1 79.833757
ZY 19 2 72.445972
ZY 19 3 73.000895
ZY 19 4 83.818701
ZY 19 5 80.075125
ZY 19 6 83.307812
ZY 19 7 85.760842
ZY 20 0 78.332652
ZY 20 1 89.917446
ZY 20 2 83.347913
ZY 20 3 93.624569
ZY 20 4 106.641663
ZY 20 5 72.833275
ZY 20 6 78.546195
ZY 20 7 65.867696
ZY 21 0 71.223304
ZY 21 1 108.112910
ZY 21 2 80.713315
ZY 21 3 89.141248
ZY 21 4 93.659995
ZY 21 5 91.739448
ZY 21 6 80.218245
ZY 21 7 67.612079
ZY 22 0 68.986611
ZY 22 1 91.161095
ZY 22 2 81.511486
ZY 22 3 83.936870
ZY 22 4 88.418723
ZY 22 5 83.120947
ZY 22 6 80.376325
ZY 22 7 83.677727
ZY 23 0 79.166209
ZY 23 1 67.064609
ZY 23 2 73.803731
ZY 23 3 93.012671
ZY 23 4 84.216549
ZY 23 5 88.530224
ZY 23 6 85.378626
ZY 23 7 74.013964
ZY 24 0 62.618317
ZY 24 1 86.442308
ZY 24 2 71.294604
ZY 24 3 90.083696
ZY 24 4 106.162068
ZY 24 5 93.854964
ZY 24 6 81.432847
ZY 24 7 70.864533
ZY 25 0 80.532610
ZY 25 1 94.029239
ZY 25 2 99.491816
ZY 25 3 83.211233
ZY 25 4 73.896378
ZY 25 5 90.490508
ZY 25 6 84.387915
ZY 25 7 65.481681
ZY 26 0 69.513621
ZY 26 1 79.422172
ZY 26 2 76.554543
ZY 26 3 88.881385
ZY 26 4 98.984251
ZY 26 5 94.813380
ZY 26 6 92.833529
ZY 26 7 78.721593
ZY 27 0 76.975232
ZY 27 1 78.551914
ZY 27 2 91.604537
ZY 27 3 93.112120
ZY 27 4 88.156561
ZY 27 5 90.249534
ZY 27 6 76.855775
ZY 27 7 72.863940
ZY 28 0 69.603963
ZY 28 1 97.180585
ZY 28 2 92.073299
ZY 28 3 65.454670
ZY 28 4 118.469910
ZY 28 5 106.601590
ZY 28 6 80.700170
ZY 28 7 86.496354
ZY 29 0 72.518177
ZY 29 1 87.424686
ZY 29 2 88.931065
ZY 29 3 84.224829
ZY 29 4 97.283886
ZY 29 5 92.628141
ZY 29 6 80.181957
ZY 29 7 74.945467
ZY 30 0 67.990267
ZY 30 1 85.643367
ZY 30 2 88.255229
ZY 30 3 105.049943
ZY 30 4 92.853024
ZY 30 5 90.848448
ZY 30 6 71.659500
ZY 30 7 88.434036
ZY 31 0 57.949139
ZY 31 1 78.229330
ZY 31 2 81.280547
ZY 31 3 86.021290
ZY 31 4 90.529098
ZY 31 5 82.948257
ZY 31 6 82.001349
ZY 31 7 69.302821
ZY 32 0 61.911895
ZY 32 1 81.696429
ZY 32 2 104.045859
ZY 32 3 78.113710
ZY 32 4 95.604789
ZY 32 5 95.557625
ZY 32 6 92.663529
ZY 32 7 74.574472
ZY 33 0 73.183284
ZY 33 1 69.570851
ZY 33 2 74.531215
ZY 33 3 88.554612
ZY 33 4 92.443809
ZY 33 5 89.387242
ZY 33 6 78.437677
ZY 33 7 61.612146
ZY 34 0 46.178510
ZY 34 1 52.758528
ZY 34 2 74.299666
ZY 34 3 90.712613
ZY 34 4 92.551421
ZY 34 5 74.187114
ZY 34 6 94.741503
ZY 34 7 69.188712
ZY 35 0 71.745813
ZY 35 1 74.733084
ZY 35 2 80.808057
ZY 35 3 93.243814
ZY 35 4 94.791595
ZY 35 5 84.096311
ZY 35 6 86.582574
ZY 35 7 -1.000000
ZY 36 0 61.472137
ZY 36 1 63.224564
ZY 36 2 88.946105
ZY 36 3 87.136046
ZY 36 4 102.828040
ZY 36 5 31.971470
ZY 36 6 96.097690
ZY 36 7 69.888795
ZY 37 0 87.873062
ZY 37 1 81.720823
ZY 37 2 79.497995
ZY 37 3 95.205369
ZY 37 4 106.969019
ZY 37 5 84.072630
ZY 37 6 80.597645
ZY 37 7 64.810497
ZY 38 0 74.784605
ZY 38 1 86.080568
ZY 38 2 73.363025
ZY 38 3 84.895920
ZY 38 4 92.668241
ZY 38 5 87.387079
ZY 38 6 90.663340
ZY 38 7 78.528582
ZY 39 0 77.768471
ZY 39 1 80.306636
ZY 39 2 92.766545
ZY 39 3 86.379797
ZY 39 4 95.615561
ZY 39 5 73.063673
ZY 39 6 83.608994
ZY 39 7 75.025190
ZY 40 0 71.136399
ZY 40 1 72.741591
ZY 40 2 93.680130
ZY 40 3 82.959013
ZY 40 4 92.531666
ZY 40 5 87.813755
ZY 40 6 62.306995
ZY 40 7 67.307966
ZY 41 0 75.320888
ZY 41 1 85.424730
ZY 41 2 77.739757
ZY 41 3 74.261031
ZY 41 4 99.878498
ZY 41 5 84.600193
ZY 41 6 86.648382
ZY 41 7 61.340985
ZY 42 0 44.355325
ZY 42 1 74.768580
ZY 42 2 67.341670
ZY 42 3 85.669419
ZY 42 4 91.749324
ZY 42 5 93.006953
ZY 42 6 86.973986
ZY 42 7 79.147329
ZY 43 0 74.928170
ZY 43 1 107.561430
ZY 43 2 92.751457
ZY 43 3 69.804249
ZY 43 4 88.346431
ZY 43 5 77.351168
ZY 43 6 86.729699
ZY 43 7 67.806594
ZY 44 0 65.187469
ZY 44 1 69.877679
ZY 44 2 69.937680
ZY 44 3 92.311960
ZY 44 4 83.901890
ZY 44 5 77.946234
ZY 44 6 94.675357
ZY 44 7 72.121351
ZY 45 0 86.770728
ZY 45 1 106.311901
ZY 45 2 97.934227
ZY 45 3 85.897982
ZY 45 4 89.951237
ZY 45 5 86.145664
ZY 45 6 80.924504
ZY 45 7 58.296409
ZY 46 0 67.521346
ZY 46 1 73.831642
ZY 46 2 73.870874
ZY 46 3 103.183920
ZY 46 4 88.717562
ZY 46 5 88.135232
ZY 46 6 88.994303
ZY 46 7 55.827758
ZY 47 0 71.082551
ZY 47 1 63.200889
ZY 47 2 72.151664
ZY 47 3 70.239103
ZY 47 4 81.003313
ZY 47 5 68.682723
ZY 47 6 69.744062
ZY 47 7 -1.000000
