XY 0 0 42.539650
XY 0 1 61.801853
XY 0 2 60.991043
XY 0 3 59.206924
XY 0 4 59.673151
XY 0 5 59.719814
XY 0 6 63.093753
XY 0 7 -1.000000
XY 1 0 66.057218
XY 1 1 72.969476
XY 1 2 63.846943
XY 1 3 64.740603
XY 1 4 75.790639
XY 1 5 65.771742
XY 1 6 72.288331
XY 1 7 58.187806
XY 2 0 62.278772
XY 2 1 63.195408
XY 2 2 72.789197
XY 2 3 59.938256
XY 2 4 65.442395
XY 2 5 69.735417
XY 2 6 67.987488
XY 2 7 62.071640
XY 3 0 65.217021
XY 3 1 58.581277
XY 3 2 72.368393
XY 3 3 73.567377
XY 3 4 67.107617
XY 3 5 67.640700
XY 3 6 64.995589
XY 3 7 67.091481
XY 4 0 33.469135
XY 4 1 -1.000000
XY 4 2 61.421196
XY 4 3 65.713155
XY 4 4 48.500811
XY 4 5 64.979835
XY 4 6 72.687297
XY 4 7 59.770105
XY 5 0 70.138081
XY 5 1 64.263204
XY 5 2 75.463966
XY 5 3 75.475009
XY 5 4 72.137326
XY 5 5 80.058671
XY 5 6 71.912941
XY 5 7 67.574439
XY 6 0 56.303700
XY 6 1 65.958058
XY 6 2 66.402113
XY 6 3 65.323027
XY 6 4 60.200459
XY 6 5 70.879956
XY 6 6 69.074022
XY 6 7 64.017398
XY 7 0 64.450032
XY 7 1 70.652840
XY 7 2 73.266833
XY 7 3 76.247258
XY 7 4 72.794270
XY 7 5 81.880071
XY 7 6 71.137269
XY 7 7 69.666905
XY 8 0 56.282833
XY 8 1 65.823279
XY 8 2 68.132097
XY 8 3 71.384310
XY 8 4 -1.000000
XY 8 5 70.885365
XY 8 6 68.746473
XY 8 7 54.273711
XY 9 0 63.790301
XY 9 1 66.087419
XY 9 2 68.650628
XY 9 3 68.962140
XY 9 4 -1.000000
XY 9 5 66.551635
XY 9 6 69.262392
XY 9 7 62.737144
XY 10 0 61.496353
XY 10 1 62.805878
XY 10 2 62.294386
XY 10 3 76.027413
XY 10 4 42.264616
XY 10 5 71.648622
XY 10 6 74.348823
XY 10 7 61.744473
XY 11 0 63.668743
XY 11 1 63.722981
XY 11 2 68.248310
XY 11 3 65.211916
XY 11 4 -1.000000
XY 11 5 74.986665
XY 11 6 69.111804
XY 11 7 57.918014
XY 12 0 53.843786
XY 12 1 58.588472
XY 12 2 67.590468
XY 12 3 67.543187
XY 12 4 52.027768
XY 12 5 73.983066
XY 12 6 68.510057
XY 12 7 53.796764
XY 13 0 61.913563
XY 13 1 68.447637
XY 13 2 73.260906
XY 13 3 69.865707
XY 13 4 -1.000000
XY 13 5 74.388108
XY 13 6 65.185338
XY 13 7 53.675906
XY 14 0 60.235307
XY 14 1 66.764032
XY 14 2 65.837521
XY 14 3 68.483395
XY 14 4 68.134813
XY 14 5 69.547774
XY 14 6 61.331619
XY 14 7 59.558197
XY 15 0 61.898247
XY 15 1 66.730235
XY 15 2 71.289875
XY 15 3 68.095481
XY 15 4 -1.000000
XY 15 5 80.139691
XY 15 6 70.836822
XY 15 7 55.812763
XY 16 0 58.322862
XY 16 1 53.672909
XY 16 2 67.761194
XY 16 3 67.058180
XY 16 4 60.592240
XY 16 5 61.515912
XY 16 6 73.146173
XY 16 7 65.557239
XY 17 0 60.668791
XY 17 1 64.744956
XY 17 2 46.297148
XY 17 3 66.420543
XY 17 4 65.968072
XY 17 5 66.630320
XY 17 6 60.321889
XY 17 7 63.521861
XY 18 0 62.562053
XY 18 1 64.041807
XY 18 2 84.181244
XY 18 3 66.095174
XY 18 4 72.255077
XY 18 5 67.137398
XY 18 6 64.619016
XY 18 7 66.815817
XY 19 0 60.097323
XY 19 1 59.757667
XY 19 2 69.112987
XY 19 3 68.036343
XY 19 4 68.856474
XY 19 5 63.097996
XY 19 6 63.690581
XY 19 7 55.174811
XY 20 0 59.837301
XY 20 1 43.514062
XY 20 2 69.447026
XY 20 3 71.917792
XY 20 4 59.624475
XY 20 5 73.463199
XY 20 6 69.603162
XY 20 7 58.347042
XY 21 0 62.188295
XY 21 1 60.453245
XY 21 2 79.129454
XY 21 3 70.738612
XY 21 4 66.222554
XY 21 5 69.022352
XY 21 6 73.646659
XY 21 7 57.303334
XY 22 0 61.828282
XY 22 1 47.439762
XY 22 2 69.186457
XY 22 3 -1.000000
XY 22 4 63.217407
XY 22 5 -1.000000
XY 22 6 67.268468
XY 22 7 59.449785
XY 23 0 63.985011
XY 23 1 56.404805
XY 23 2 61.837831
XY 23 3 59.886843
XY 23 4 66.075291
XY 23 5 67.474841
XY 23 6 80.148610
XY 23 7 66.679187
XZ 0 0 48.071203
XZ 0 1 42.857397
XZ 0 2 70.039532
XZ 0 3 61.431182
XZ 0 4 51.645489
XZ 0 5 66.070830
XZ 0 6 47.484170
XZ 0 7 62.565427
XZ 0 8 58.220413
XZ 0 9 77.779853
XZ 0 10 70.041986
XZ 0 11 67.684225
XZ 0 12 20.207642
XZ 0 13 62.160601
XZ 0 14 59.050469
XZ 0 15 71.197944
XZ 0 16 57.398512
XZ 0 17 63.100737
XZ 0 18 75.025757
XZ 0 19 60.651457
XZ 0 20 66.154240
XZ 0 21 51.071095
XZ 0 22 71.989861
XZ 0 23 69.230408
XZ 0 24 50.989076
XZ 0 25 18.724900
XZ 0 26 59.121844
XZ 0 27 77.587372
XZ 0 28 59.387921
XZ 0 29 80.206031
XZ 0 30 62.249148
XZ 0 31 66.097990
XZ 0 32 70.729931
XZ 0 33 78.998742
XZ 0 34 68.233028
XZ 0 35 66.554551
XZ 0 36 62.481837
XZ 0 37 73.374563
XZ 0 38 62.147253
XZ 0 39 71.473560
XZ 0 40 47.673486
XZ 0 41 74.382624
XZ 0 42 65.405122
XZ 0 43 73.121653
XZ 0 44 70.256684
XZ 0 45 58.310521
XZ 0 46 74.624491
XZ 0 47 59.498061
XZ 1 0 56.839291
XZ 1 1 66.978160
XZ 1 2 72.224250
XZ 1 3 72.415164
XZ 1 4 73.217004
XZ 1 5 65.698453
XZ 1 6 67.703506
XZ 1 7 72.123974
XZ 1 8 64.832666
XZ 1 9 93.116376
XZ 1 10 66.891200
XZ 1 11 87.232162
XZ 1 12 74.390975
XZ 1 13 65.112208
XZ 1 14 62.634616
XZ 1 15 71.933288
XZ 1 16 66.387902
XZ 1 17 72.234230
XZ 1 18 61.455521
XZ 1 19 71.955292
XZ 1 20 61.869603
XZ 1 21 72.068523
XZ 1 22 86.204426
XZ 1 23 78.170105
XZ 1 24 52.646734
XZ 1 25 88.141528
XZ 1 26 82.206524
XZ 1 27 87.671416
XZ 1 28 73.335707
XZ 1 29 82.481042
XZ 1 30 74.437791
XZ 1 31 76.707501
XZ 1 32 85.086473
XZ 1 33 77.113963
XZ 1 34 62.857137
XZ 1 35 84.981341
XZ 1 36 78.842210
XZ 1 37 79.333038
XZ 1 38 67.710510
XZ 1 39 77.750782
XZ 1 40 73.654464
XZ 1 41 64.914405
XZ 1 42 53.373394
XZ 1 43 76.422046
XZ 1 44 78.511792
XZ 1 45 59.840488
XZ 1 46 68.778218
XZ 1 47 59.629466
XZ 2 0 63.126176
XZ 2 1 76.598410
XZ 2 2 68.607025
XZ 2 3 73.793179
XZ 2 4 68.167826
XZ 2 5 74.228170
XZ 2 6 78.165520
XZ 2 7 75.916443
XZ 2 8 62.839217
XZ 2 9 80.353599
XZ 2 10 75.567232
XZ 2 11 83.434736
XZ 2 12 64.794048
XZ 2 13 76.755812
XZ 2 14 48.825436
XZ 2 15 75.395421
XZ 2 16 80.708330
XZ 2 17 73.132184
XZ 2 18 80.303271
XZ 2 19 90.497297
XZ 2 20 77.436313
XZ 2 21 66.859320
XZ 2 22 82.502271
XZ 2 23 64.357589
XZ 2 24 87.138204
XZ 2 25 94.224561
XZ 2 26 77.515813
XZ 2 27 94.434043
XZ 2 28 87.615135
XZ 2 29 84.833278
XZ 2 30 75.630292
XZ 2 31 77.523943
XZ 2 32 67.053418
XZ 2 33 83.797078
XZ 2 34 64.051171
XZ 2 35 71.954664
XZ 2 36 69.514797
XZ 2 37 75.764110
XZ 2 38 80.708428
XZ 2 39 78.664891
XZ 2 40 62.298335
XZ 2 41 77.556037
XZ 2 42 82.995133
XZ 2 43 63.632284
XZ 2 44 68.027333
XZ 2 45 77.638156
XZ 2 46 88.507764
XZ 2 47 65.559281
XZ 3 0 60.262471
XZ 3 1 50.607004
XZ 3 2 68.857093
XZ 3 3 75.074980
XZ 3 4 66.442528
XZ 3 5 76.026291
XZ 3 6 74.148050
XZ 3 7 76.552968
XZ 3 8 76.173368
XZ 3 9 74.575984
XZ 3 10 63.222713
XZ 3 11 86.913707
XZ 3 12 77.506682
XZ 3 13 85.738623
XZ 3 14 69.918010
XZ 3 15 65.312653
XZ 3 16 89.984854
XZ 3 17 62.375548
XZ 3 18 77.635508
XZ 3 19 91.628071
XZ 3 20 80.873734
XZ 3 21 54.435600
XZ 3 22 86.088983
XZ 3 23 61.133290
XZ 3 24 73.768616
XZ 3 25 86.744426
XZ 3 26 82.518409
XZ 3 27 76.998365
XZ 3 28 74.214433
XZ 3 29 78.581647
XZ 3 30 98.128915
XZ 3 31 68.110344
XZ 3 32 80.859388
XZ 3 33 58.730931
XZ 3 34 58.879355
XZ 3 35 82.534662
XZ 3 36 92.626532
XZ 3 37 67.533070
XZ 3 38 70.928364
XZ 3 39 86.378954
XZ 3 40 75.573948
XZ 3 41 73.356617
XZ 3 42 43.252684
XZ 3 43 77.080525
XZ 3 44 84.500924
XZ 3 45 75.490964
XZ 3 46 77.374235
XZ 3 47 57.277754
XZ 4 0 62.500243
XZ 4 1 53.119622
XZ 4 2 69.697263
XZ 4 3 76.533338
XZ 4 4 54.406680
XZ 4 5 78.311950
XZ 4 6 68.512238
XZ 4 7 71.532047
XZ 4 8 85.067901
XZ 4 9 81.575255
XZ 4 10 85.076707
XZ 4 11 87.225893
XZ 4 12 76.131814
XZ 4 13 81.442452
XZ 4 14 72.666048
XZ 4 15 86.511463
XZ 4 16 68.286227
XZ 4 17 63.857568
XZ 4 18 54.212739
XZ 4 19 76.976515
XZ 4 20 71.657676
XZ 4 21 69.723701
XZ 4 22 93.757458
XZ 4 23 79.507568
XZ 4 24 87.948996
XZ 4 25 67.562755
XZ 4 26 78.062960
XZ 4 27 81.073155
XZ 4 28 73.753800
XZ 4 29 77.867982
XZ 4 30 61.676925
XZ 4 31 71.325131
XZ 4 32 62.357500
XZ 4 33 71.908058
XZ 4 34 75.967209
XZ 4 35 81.586753
XZ 4 36 74.689121
XZ 4 37 71.346198
XZ 4 38 81.731500
XZ 4 39 59.377776
XZ 4 40 80.607142
XZ 4 41 77.188131
XZ 4 42 62.793060
XZ 4 43 79.093600
XZ 4 44 62.279834
XZ 4 45 83.795966
XZ 4 46 69.552766
XZ 4 47 74.341844
XZ 5 0 46.043831
XZ 5 1 53.886139
XZ 5 2 77.892038
XZ 5 3 69.726137
XZ 5 4 66.492800
XZ 5 5 77.358865
XZ 5 6 76.867608
XZ 5 7 78.879767
XZ 5 8 69.932688
XZ 5 9 76.338996
XZ 5 10 74.611265
XZ 5 11 83.127092
XZ 5 12 75.855305
XZ 5 13 85.613233
XZ 5 14 77.350979
XZ 5 15 80.195689
XZ 5 16 65.966244
XZ 5 17 63.190189
XZ 5 18 75.542486
XZ 5 19 78.801964
XZ 5 20 96.435730
XZ 5 21 84.165995
XZ 5 22 75.158592
XZ 5 23 78.875236
XZ 5 24 75.198940
XZ 5 25 90.087447
XZ 5 26 103.706267
XZ 5 27 92.888314
XZ 5 28 77.248174
XZ 5 29 87.125167
XZ 5 30 80.659645
XZ 5 31 73.613190
XZ 5 32 75.188613
XZ 5 33 71.506514
XZ 5 34 76.328832
XZ 5 35 71.201843
XZ 5 36 85.315617
XZ 5 37 90.658214
XZ 5 38 75.152977
XZ 5 39 86.611764
XZ 5 40 80.607855
XZ 5 41 66.430472
XZ 5 42 78.858456
XZ 5 43 65.963588
XZ 5 44 63.727524
XZ 5 45 82.167504
XZ 5 46 67.187291
XZ 5 47 52.409705
XZ 6 0 47.367266
XZ 6 1 74.265295
XZ 6 2 73.422390
XZ 6 3 60.456957
XZ 6 4 66.845953
XZ 6 5 79.148457
XZ 6 6 75.359232
XZ 6 7 67.120613
XZ 6 8 79.068218
XZ 6 9 86.645667
XZ 6 10 69.245423
XZ 6 11 83.537516
XZ 6 12 55.650799
XZ 6 13 87.708014
XZ 6 14 65.564944
XZ 6 15 83.414461
XZ 6 16 78.623116
XZ 6 17 83.588668
XZ 6 18 73.097623
XZ 6 19 64.676896
XZ 6 20 78.332848
XZ 6 21 76.452992
XZ 6 22 81.401266
XZ 6 23 79.190723
XZ 6 24 86.676880
XZ 6 25 82.884796
XZ 6 26 94.442513
XZ 6 27 75.511958
XZ 6 28 71.952156
XZ 6 29 82.078502
XZ 6 30 72.142874
XZ 6 31 74.302729
XZ 6 32 81.621442
XZ 6 33 87.840045
XZ 6 34 86.986133
XZ 6 35 91.819704
XZ 6 36 78.597508
XZ 6 37 80.565693
XZ 6 38 74.940744
XZ 6 39 74.031311
XZ 6 40 73.342596
XZ 6 41 79.967961
XZ 6 42 75.762274
XZ 6 43 86.238147
XZ 6 44 75.576949
XZ 6 45 84.618635
XZ 6 46 73.606456
XZ 6 47 77.574880
XZ 7 0 47.986619
XZ 7 1 64.799902
XZ 7 2 64.469544
XZ 7 3 74.798944
XZ 7 4 80.157687
XZ 7 5 75.573261
XZ 7 6 70.927860
XZ 7 7 81.785017
XZ 7 8 67.060789
XZ 7 9 99.174805
XZ 7 10 83.533663
XZ 7 11 81.365197
XZ 7 12 63.742367
XZ 7 13 82.369071
XZ 7 14 64.310094
XZ 7 15 70.450394
XZ 7 16 73.788745
XZ 7 17 84.637848
XZ 7 18 68.019679
XZ 7 19 75.844521
XZ 7 20 74.478207
XZ 7 21 73.339171
XZ 7 22 43.054509
XZ 7 23 -1.000000
XZ 7 24 70.077547
XZ 7 25 78.446624
XZ 7 26 79.957093
XZ 7 27 96.707100
XZ 7 28 70.983164
XZ 7 29 76.274197
XZ 7 30 83.689304
XZ 7 31 91.815727
XZ 7 32 78.566226
XZ 7 33 66.424705
XZ 7 34 71.179846
XZ 7 35 63.609447
XZ 7 36 78.903423
XZ 7 37 77.097424
XZ 7 38 50.867325
XZ 7 39 67.610039
XZ 7 40 76.314853
XZ 7 41 61.663285
XZ 7 42 57.669548
XZ 7 43 80.387632
XZ 7 44 70.265363
XZ 7 45 79.794349
XZ 7 46 83.609591
XZ 7 47 63.111294
XZ 8 0 52.718173
XZ 8 1 76.432182
XZ 8 2 73.959376
XZ 8 3 80.559571
XZ 8 4 65.904876
XZ 8 5 69.294742
XZ 8 6 68.678077
XZ 8 7 89.354041
XZ 8 8 73.146249
XZ 8 9 81.332571
XZ 8 10 78.471138
XZ 8 11 89.363013
XZ 8 12 86.828369
XZ 8 13 79.017265
XZ 8 14 72.417168
XZ 8 15 77.796175
XZ 8 16 87.703397
XZ 8 17 71.335284
XZ 8 18 78.880864
XZ 8 19 90.765680
XZ 8 20 78.424136
XZ 8 21 76.148303
XZ 8 22 72.155746
XZ 8 23 67.649296
XZ 8 24 85.446407
XZ 8 25 85.132680
XZ 8 26 79.117311
XZ 8 27 93.085799
XZ 8 28 95.629727
XZ 8 29 60.630147
XZ 8 30 79.305829
XZ 8 31 69.227170
XZ 8 32 68.065378
XZ 8 33 68.499965
XZ 8 34 65.456222
XZ 8 35 77.678101
XZ 8 36 75.389136
XZ 8 37 67.567464
XZ 8 38 72.085341
XZ 8 39 64.869373
XZ 8 40 71.674555
XZ 8 41 74.382218
XZ 8 42 61.676581
XZ 8 43 83.903061
XZ 8 44 61.118536
XZ 8 45 73.475159
XZ 8 46 76.595845
XZ 8 47 49.265560
XZ 9 0 57.237895
XZ 9 1 77.334468
XZ 9 2 70.830473
XZ 9 3 75.454553
XZ 9 4 66.783092
XZ 9 5 81.090243
XZ 9 6 81.718931
XZ 9 7 84.292993
XZ 9 8 66.811690
XZ 9 9 79.568916
XZ 9 10 79.504636
XZ 9 11 86.249801
XZ 9 12 75.405317
XZ 9 13 76.902236
XZ 9 14 82.108301
XZ 9 15 61.066103
XZ 9 16 84.971251
XZ 9 17 81.841844
XZ 9 18 56.509599
XZ 9 19 82.545811
XZ 9 20 90.855223
XZ 9 21 64.466119
XZ 9 22 80.297345
XZ 9 23 59.305120
XZ 9 24 98.301628
XZ 9 25 81.724634
XZ 9 26 92.728646
XZ 9 27 69.724746
XZ 9 28 80.125614
XZ 9 29 64.470338
XZ 9 30 88.429103
XZ 9 31 82.752270
XZ 9 32 62.175302
XZ 9 33 71.060092
XZ 9 34 67.958020
XZ 9 35 67.772560
XZ 9 36 68.655296
XZ 9 37 67.305287
XZ 9 38 73.600743
XZ 9 39 69.498612
XZ 9 40 69.386150
XZ 9 41 75.073468
XZ 9 42 71.735167
XZ 9 43 78.158651
XZ 9 44 77.381824
XZ 9 45 79.139475
XZ 9 46 74.758244
XZ 9 47 74.052161
XZ 10 0 48.424523
XZ 10 1 74.831289
XZ 10 2 65.253268
XZ 10 3 81.912338
XZ 10 4 78.161316
XZ 10 5 82.069262
XZ 10 6 81.005483
XZ 10 7 73.477760
XZ 10 8 88.637203
XZ 10 9 83.836201
XZ 10 10 81.733857
XZ 10 11 76.166519
XZ 10 12 64.914280
XZ 10 13 80.448650
XZ 10 14 69.261648
XZ 10 15 81.960644
XZ 10 16 59.319273
XZ 10 17 84.980532
XZ 10 18 61.054045
XZ 10 19 72.023650
XZ 10 20 70.136395
XZ 10 21 76.304630
XZ 10 22 59.264448
XZ 10 23 74.594129
XZ 10 24 61.463485
XZ 10 25 58.243959
XZ 10 26 42.085517
XZ 10 27 87.810095
XZ 10 28 78.805276
XZ 10 29 71.912799
XZ 10 30 70.609787
XZ 10 31 70.151367
XZ 10 32 71.195505
XZ 10 33 80.978768
XZ 10 34 70.974867
XZ 10 35 66.662724
XZ 10 36 69.184026
XZ 10 37 71.225050
XZ 10 38 66.402874
XZ 10 39 66.824956
XZ 10 40 58.571212
XZ 10 41 74.238183
XZ 10 42 72.648389
XZ 10 43 73.003687
XZ 10 44 69.028585
XZ 10 45 81.876998
XZ 10 46 67.582709
XZ 10 47 66.968778
XZ 11 0 66.430000
XZ 11 1 66.622965
XZ 11 2 79.831253
XZ 11 3 70.541769
XZ 11 4 73.674633
XZ 11 5 82.553176
XZ 11 6 65.008388
XZ 11 7 77.294212
XZ 11 8 64.800858
XZ 11 9 85.552077
XZ 11 10 84.711769
XZ 11 11 90.262923
XZ 11 12 64.746886
XZ 11 13 85.109688
XZ 11 14 66.390111
XZ 11 15 72.489079
XZ 11 16 74.998990
XZ 11 17 67.996356
XZ 11 18 68.006395
XZ 11 19 68.312542
XZ 11 20 83.453956
XZ 11 21 80.846673
XZ 11 22 74.015363
XZ 11 23 63.376822
XZ 11 24 75.644652
XZ 11 25 77.175506
XZ 11 26 74.881419
XZ 11 27 97.399992
XZ 11 28 68.994446
XZ 11 29 71.150238
XZ 11 30 59.532865
XZ 11 31 71.134470
XZ 11 32 53.528932
XZ 11 33 70.388387
XZ 11 34 69.652036
XZ 11 35 82.410282
XZ 11 36 66.812036
XZ 11 37 78.431259
XZ 11 38 65.832911
XZ 11 39 75.726794
XZ 11 40 65.507516
XZ 11 41 71.174279
XZ 11 42 73.986242
XZ 11 43 75.168377
XZ 11 44 83.493644
XZ 11 45 81.278834
XZ 11 46 63.676231
XZ 11 47 66.762607
XZ 12 0 52.462687
XZ 12 1 68.260656
XZ 12 2 72.174799
XZ 12 3 61.155152
XZ 12 4 72.110584
XZ 12 5 74.796729
XZ 12 6 64.977873
XZ 12 7 79.392702
XZ 12 8 83.039668
XZ 12 9 87.013920
XZ 12 10 77.989057
XZ 12 11 87.135007
XZ 12 12 69.958530
XZ 12 13 72.181477
XZ 12 14 80.338265
XZ 12 15 75.451819
XZ 12 16 59.717060
XZ 12 17 90.803887
XZ 12 18 55.859716
XZ 12 19 59.857762
XZ 12 20 58.265240
XZ 12 21 73.639289
XZ 12 22 87.905587
XZ 12 23 76.516536
XZ 12 24 85.552412
XZ 12 25 68.806696
XZ 12 26 77.605251
XZ 12 27 85.314348
XZ 12 28 81.290645
XZ 12 29 86.947175
XZ 12 30 77.359450
XZ 12 31 80.045656
XZ 12 32 71.762051
XZ 12 33 79.727663
XZ 12 34 56.067373
XZ 12 35 71.330680
XZ 12 36 70.326705
XZ 12 37 78.971201
XZ 12 38 84.843132
XZ 12 39 82.518597
XZ 12 40 78.464981
XZ 12 41 72.691534
XZ 12 42 59.361047
XZ 12 43 73.916712
XZ 12 44 73.975357
XZ 12 45 85.298366
XZ 12 46 69.836209
XZ 12 47 77.877289
XZ 13 0 -1.000000
XZ 13 1 71.465838
XZ 13 2 59.806012
XZ 13 3 80.065315
XZ 13 4 58.252894
XZ 13 5 82.975162
XZ 13 6 61.761063
XZ 13 7 82.405351
XZ 13 8 80.570433
XZ 13 9 87.965055
XZ 13 10 77.175718
XZ 13 11 92.148339
XZ 13 12 62.721540
XZ 13 13 82.063563
XZ 13 14 74.416171
XZ 13 15 72.292826
XZ 13 16 67.099178
XZ 13 17 75.566898
XZ 13 18 60.617567
XZ 13 19 74.273890
XZ 13 20 83.040982
XZ 13 21 69.656436
XZ 13 22 55.259503
XZ 13 23 72.730241
XZ 13 24 87.475909
XZ 13 25 66.539072
XZ 13 26 82.025832
XZ 13 27 77.151652
XZ 13 28 67.634252
XZ 13 29 74.434765
XZ 13 30 70.402006
XZ 13 31 62.817199
XZ 13 32 70.363729
XZ 13 33 86.602353
XZ 13 34 72.821632
XZ 13 35 77.142984
XZ 13 36 72.875169
XZ 13 37 79.504443
XZ 13 38 72.053845
XZ 13 39 81.181978
XZ 13 40 68.908516
XZ 13 41 61.424234
XZ 13 42 76.738896
XZ 13 43 55.677599
XZ 13 44 78.651497
XZ 13 45 75.522729
XZ 13 46 73.361777
XZ 13 47 63.067499
XZ 14 0 48.751484
XZ 14 1 58.071826
XZ 14 2 63.341007
XZ 14 3 84.369993
XZ 14 4 65.611886
XZ 14 5 76.540007
XZ 14 6 74.603768
XZ 14 7 84.147532
XZ 14 8 79.038219
XZ 14 9 86.117437
XZ 14 10 68.636541
XZ 14 11 80.330141
XZ 14 12 60.578085
XZ 14 13 83.230562
XZ 14 14 61.147359
XZ 14 15 82.625077
XZ 14 16 47.432128
XZ 14 17 55.165973
XZ 14 18 65.002473
XZ 14 19 83.858504
XZ 14 20 57.743279
XZ 14 21 61.080188
XZ 14 22 81.442033
XZ 14 23 64.172419
XZ 14 24 93.389714
XZ 14 25 102.908134
XZ 14 26 105.133831
XZ 14 27 111.548259
XZ 14 28 60.009566
XZ 14 29 67.779583
XZ 14 30 79.754847
XZ 14 31 98.505249
XZ 14 32 76.031370
XZ 14 33 71.963033
XZ 14 34 72.945202
XZ 14 35 73.581133
XZ 14 36 70.037399
XZ 14 37 72.700898
XZ 14 38 95.731821
XZ 14 39 49.314766
XZ 14 40 79.832552
XZ 14 41 60.680216
XZ 14 42 69.920831
XZ 14 43 63.278032
XZ 14 44 66.177897
XZ 14 45 79.572413
XZ 14 46 67.468763
XZ 14 47 73.249319
XZ 15 0 57.716023
XZ 15 1 73.329022
XZ 15 2 60.580143
XZ 15 3 77.990543
XZ 15 4 69.084796
XZ 15 5 97.463234
XZ 15 6 -1.000000
XZ 15 7 78.385613
XZ 15 8 77.941005
XZ 15 9 91.837155
XZ 15 10 72.727611
XZ 15 11 89.206554
XZ 15 12 80.943203
XZ 15 13 75.582102
XZ 15 14 62.567645
XZ 15 15 89.374344
XZ 15 16 59.015997
XZ 15 17 52.550853
XZ 15 18 87.232605
XZ 15 19 74.159238
XZ 15 20 49.244538
XZ 15 21 72.731960
XZ 15 22 -1.000000
XZ 15 23 -1.000000
XZ 15 24 62.806069
XZ 15 25 76.021403
XZ 15 26 85.566331
XZ 15 27 91.798107
XZ 15 28 79.462402
XZ 15 29 82.111779
XZ 15 30 66.675588
XZ 15 31 88.326675
XZ 15 32 65.801344
XZ 15 33 70.259731
XZ 15 34 74.031485
XZ 15 35 93.053914
XZ 15 36 73.374482
XZ 15 37 72.791556
XZ 15 38 59.409349
XZ 15 39 73.093765
XZ 15 40 80.549656
XZ 15 41 56.089559
XZ 15 42 71.687436
XZ 15 43 67.965497
XZ 15 44 70.709484
XZ 15 45 72.725300
XZ 15 46 68.524518
XZ 15 47 70.235628
XZ 16 0 50.033466
XZ 16 1 71.134178
XZ 16 2 54.885774
XZ 16 3 71.831328
XZ 16 4 66.503194
XZ 16 5 51.373708
XZ 16 6 69.923338
XZ 16 7 76.507607
XZ 16 8 72.934032
XZ 16 9 82.863663
XZ 16 10 81.104618
XZ 16 11 84.580332
XZ 16 12 72.428930
XZ 16 13 66.874546
XZ 16 14 79.391007
XZ 16 15 75.149866
XZ 16 16 65.318689
XZ 16 17 31.135430
XZ 16 18 90.699608
XZ 16 19 72.672515
XZ 16 20 80.361112
XZ 16 21 76.874917
XZ 16 22 92.746031
XZ 16 23 82.186722
XZ 16 24 75.253026
XZ 16 25 70.556088
XZ 16 26 81.241438
XZ 16 27 86.284527
XZ 16 28 70.179772
XZ 16 29 62.561193
XZ 16 30 62.938281
XZ 16 31 58.100979
XZ 16 32 69.369501
XZ 16 33 69.725163
XZ 16 34 72.482088
XZ 16 35 70.579171
XZ 16 36 78.184422
XZ 16 37 69.007749
XZ 16 38 81.736319
XZ 16 39 87.233820
XZ 16 40 77.130781
XZ 16 41 84.359990
XZ 16 42 63.415417
XZ 16 43 76.687113
XZ 16 44 71.738593
XZ 16 45 80.834379
XZ 16 46 78.185889
XZ 16 47 63.960729
XZ 17 0 62.676631
XZ 17 1 54.735216
XZ 17 2 74.649830
XZ 17 3 69.553881
XZ 17 4 64.878043
XZ 17 5 75.704906
XZ 17 6 78.517704
XZ 17 7 84.568785
XZ 17 8 78.386924
XZ 17 9 73.469264
XZ 17 10 89.067745
XZ 17 11 75.409890
XZ 17 12 70.257406
XZ 17 13 68.384298
XZ 17 14 73.942689
XZ 17 15 66.723659
XZ 17 16 94.106305
XZ 17 17 74.035936
XZ 17 18 63.108553
XZ 17 19 86.445553
XZ 17 20 68.554076
XZ 17 21 65.597077
XZ 17 22 67.436745
XZ 17 23 80.948255
XZ 17 24 80.593361
XZ 17 25 92.838126
XZ 17 26 69.099164
XZ 17 27 90.282960
XZ 17 28 66.650783
XZ 17 29 79.283919
XZ 17 30 68.062574
XZ 17 31 82.231076
XZ 17 32 55.569427
XZ 17 33 72.828847
XZ 17 34 84.877343
XZ 17 35 65.993073
XZ 17 36 70.876949
XZ 17 37 79.090254
XZ 17 38 67.432119
XZ 17 39 79.503674
XZ 17 40 65.025039
XZ 17 41 63.275754
XZ 17 42 89.747467
XZ 17 43 69.653026
XZ 17 44 62.939045
XZ 17 45 78.110779
XZ 17 46 75.971861
XZ 17 47 83.487334
XZ 18 0 61.663955
XZ 18 1 73.380292
XZ 18 2 65.762690
XZ 18 3 68.640651
XZ 18 4 71.838638
XZ 18 5 67.720760
XZ 18 6 83.404800
XZ 18 7 77.602311
XZ 18 8 79.262239
XZ 18 9 73.118059
XZ 18 10 84.994115
XZ 18 11 87.639967
XZ 18 12 89.963178
XZ 18 13 80.588015
XZ 18 14 83.501625
XZ 18 15 78.820032
XZ 18 16 93.922161
XZ 18 17 80.392544
XZ 18 18 74.019506
XZ 18 19 71.183002
XZ 18 20 87.408740
XZ 18 21 83.421273
XZ 18 22 67.782677
XZ 18 23 105.393755
XZ 18 24 81.803517
XZ 18 25 71.838814
XZ 18 26 76.945943
XZ 18 27 104.751899
XZ 18 28 105.059905
XZ 18 29 83.459048
XZ 18 30 83.008583
XZ 18 31 80.962653
XZ 18 32 72.152570
XZ 18 33 84.332340
XZ 18 34 72.202513
XZ 18 35 59.234728
XZ 18 36 77.592146
XZ 18 37 89.580662
XZ 18 38 69.817063
XZ 18 39 74.971152
XZ 18 40 68.379167
XZ 18 41 99.349777
XZ 18 42 21.080041
XZ 18 43 70.374329
XZ 18 44 62.741400
XZ 18 45 83.468055
XZ 18 46 64.751834
XZ 18 47 62.306931
XZ 19 0 61.903686
XZ 19 1 68.780337
XZ 19 2 62.717800
XZ 19 3 77.681467
XZ 19 4 61.039947
XZ 19 5 82.720978
XZ 19 6 76.260579
XZ 19 7 79.105019
XZ 19 8 81.195941
XZ 19 9 76.879857
XZ 19 10 79.281877
XZ 19 11 77.981524
XZ 19 12 70.248634
XZ 19 13 71.797968
XZ 19 14 73.035744
XZ 19 15 79.616334
XZ 19 16 66.275180
XZ 19 17 61.511786
XZ 19 18 67.162580
XZ 19 19 59.355520
XZ 19 20 88.884703
XZ 19 21 59.543838
XZ 19 22 76.107522
XZ 19 23 82.560859
XZ 19 24 55.006007
XZ 19 25 81.334250
XZ 19 26 76.996398
XZ 19 27 93.017616
XZ 19 28 89.686046
XZ 19 29 78.842726
XZ 19 30 82.376919
XZ 19 31 78.051583
XZ 19 32 65.747836
XZ 19 33 57.696119
XZ 19 34 75.774478
XZ 19 35 77.391458
XZ 19 36 70.623100
XZ 19 37 73.788565
XZ 19 38 75.132498
XZ 19 39 62.130912
XZ 19 40 73.837073
XZ 19 41 90.294913
XZ 19 42 63.380402
XZ 19 43 69.988700
XZ 19 44 77.159777
XZ 19 45 77.845186
XZ 19 46 73.013067
XZ 19 47 81.989423
XZ 20 0 59.441476
XZ 20 1 73.086799
XZ 20 2 67.357698
XZ 20 3 71.105206
XZ 20 4 54.142633
XZ 20 5 73.254111
XZ 20 6 81.422902
XZ 20 7 67.254951
XZ 20 8 73.855866
XZ 20 9 83.823386
XZ 20 10 91.516851
XZ 20 11 92.356983
XZ 20 12 58.500173
XZ 20 13 89.335672
XZ 20 14 73.503475
XZ 20 15 74.702647
XZ 20 16 61.356698
XZ 20 17 82.778040
XZ 20 18 87.098325
XZ 20 19 74.806383
XZ 20 20 97.630207
XZ 20 21 75.960414
XZ 20 22 62.578672
XZ 20 23 78.478461
XZ 20 24 74.295210
XZ 20 25 92.424886
XZ 20 26 108.718015
XZ 20 27 23.181404
XZ 20 28 66.963866
XZ 20 29 -1.000000
XZ 20 30 79.675038
XZ 20 31 84.617047
XZ 20 32 72.251368
XZ 20 33 76.569752
XZ 20 34 63.709226
XZ 20 35 81.563843
XZ 20 36 74.707929
XZ 20 37 83.851540
XZ 20 38 89.550434
XZ 20 39 82.902648
XZ 20 40 77.817865
XZ 20 41 85.189779
XZ 20 42 74.008957
XZ 20 43 77.347029
XZ 20 44 72.403323
XZ 20 45 78.923714
XZ 20 46 65.163240
XZ 20 47 62.739084
XZ 21 0 58.341540
XZ 21 1 -1.000000
XZ 21 2 59.076460
XZ 21 3 76.014811
XZ 21 4 45.290872
XZ 21 5 79.951561
XZ 21 6 66.276483
XZ 21 7 82.101236
XZ 21 8 85.301525
XZ 21 9 87.329834
XZ 21 10 80.763998
XZ 21 11 88.878060
XZ 21 12 76.693559
XZ 21 13 88.260758
XZ 21 14 79.784261
XZ 21 15 80.012464
XZ 21 16 48.974471
XZ 21 17 82.719859
XZ 21 18 61.264961
XZ 21 19 77.987705
XZ 21 20 87.387252
XZ 21 21 74.023210
XZ 21 22 77.722649
XZ 21 23 87.213346
XZ 21 24 80.484042
XZ 21 25 83.177756
XZ 21 26 99.276118
XZ 21 27 96.102973
XZ 21 28 89.291101
XZ 21 29 81.531375
XZ 21 30 75.911462
XZ 21 31 79.186553
XZ 21 32 64.342983
XZ 21 33 84.989708
XZ 21 34 73.747934
XZ 21 35 79.574190
XZ 21 36 78.109945
XZ 21 37 72.964597
XZ 21 38 84.393735
XZ 21 39 63.093150
XZ 21 40 67.111354
XZ 21 41 86.545046
XZ 21 42 73.791650
XZ 21 43 86.921092
XZ 21 44 83.433541
XZ 21 45 79.682806
XZ 21 46 71.966736
XZ 21 47 71.659351
XZ 22 0 65.430356
XZ 22 1 67.077657
XZ 22 2 67.165357
XZ 22 3 80.128204
XZ 22 4 75.730357
XZ 22 5 81.874154
XZ 22 6 69.185553
XZ 22 7 72.583205
XZ 22 8 62.238843
XZ 22 9 84.028632
XZ 22 10 79.750133
XZ 22 11 82.900338
XZ 22 12 70.544729
XZ 22 13 79.196063
XZ 22 14 66.529234
XZ 22 15 76.471807
XZ 22 16 63.845501
XZ 22 17 80.466458
XZ 22 18 63.312318
XZ 22 19 80.448229
XZ 22 20 86.406108
XZ 22 21 88.729166
XZ 22 22 86.707774
XZ 22 23 65.972032
XZ 22 24 81.580294
XZ 22 25 86.505851
XZ 22 26 76.570908
XZ 22 27 87.101373
XZ 22 28 74.230080
XZ 22 29 62.037941
XZ 22 30 75.981799
XZ 22 31 77.724061
XZ 22 32 79.410641
XZ 22 33 81.605590
XZ 22 34 83.617571
XZ 22 35 76.772765
XZ 22 36 73.477507
XZ 22 37 66.879058
XZ 22 38 77.408991
XZ 22 39 81.557795
XZ 22 40 68.969719
XZ 22 41 66.692130
XZ 22 42 34.175880
XZ 22 43 64.063856
XZ 22 44 79.793052
XZ 22 45 71.696458
XZ 22 46 71.458862
XZ 22 47 53.306377
XZ 23 0 44.118129
XZ 23 1 56.459732
XZ 23 2 61.130168
XZ 23 3 76.189639
XZ 23 4 60.977710
XZ 23 5 73.445303
XZ 23 6 65.075002
XZ 23 7 70.407884
XZ 23 8 72.743507
XZ 23 9 72.329033
XZ 23 10 78.436634
XZ 23 11 70.772749
XZ 23 12 53.553654
XZ 23 13 68.842640
XZ 23 14 69.275945
XZ 23 15 65.213990
XZ 23 16 71.865303
XZ 23 17 40.351169
XZ 23 18 60.169404
XZ 23 19 79.980856
XZ 23 20 62.972362
XZ 23 21 74.694403
XZ 23 22 57.999050
XZ 23 23 -1.000000
XZ 23 24 67.103421
XZ 23 25 61.235448
XZ 23 26 71.341931
XZ 23 27 80.904726
XZ 23 28 62.945759
XZ 23 29 57.884312
XZ 23 30 50.495040
XZ 23 31 75.001600
XZ 23 32 63.841390
XZ 23 33 80.605280
XZ 23 34 69.952622
XZ 23 35 57.177175
XZ 23 36 59.361702
XZ 23 37 49.638669
XZ 23 38 63.694116
XZ 23 39 72.405194
XZ 23 40 53.440090
XZ 23 41 64.490894
XZ 23 42 60.289478
XZ 23 43 60.720506
XZ 23 44 75.238803
XZ 23 45 62.095129
XZ 23 46 70.117106
XZ 23 47 49.900990
ZY 0 0 44.033226
ZY 0 1 63.337541
ZY 0 2 71.316392
ZY 0 3 55.180448
ZY 0 4 70.947197
ZY 0 5 68.509792
ZY 0 6 84.628567
ZY 0 7 58.602405
ZY 1 0 58.291270
ZY 1 1 71.611618
ZY 1 2 63.759097
ZY 1 3 -1.000000
ZY 1 4 66.545653
ZY 1 5 66.790706
ZY 1 6 76.170421
ZY 1 7 59.063264
ZY 2 0 62.972567
ZY 2 1 79.579755
ZY 2 2 74.049927
ZY 2 3 64.524380
ZY 2 4 86.723547
ZY 2 5 81.367843
ZY 2 6 83.018137
ZY 2 7 68.504590
ZY 3 0 46.068814
ZY 3 1 74.407489
ZY 3 2 69.497103
ZY 3 3 77.819267
ZY 3 4 75.077505
ZY 3 5 81.831870
ZY 3 6 70.944758
ZY 3 7 56.325791
ZY 4 0 71.939694
ZY 4 1 70.652695
ZY 4 2 74.548727
ZY 4 3 77.505466
ZY 4 4 99.363704
ZY 4 5 86.686346
ZY 4 6 79.251476
ZY 4 7 75.708287
ZY 5 0 59.269159
ZY 5 1 71.636312
ZY 5 2 82.064130
ZY 5 3 71.569088
ZY 5 4 81.231825
ZY 5 5 73.176374
ZY 5 6 77.103055
ZY 5 7 63.519585
ZY 6 0 55.815693
ZY 6 1 75.461893
ZY 6 2 70.943996
ZY 6 3 79.467172
ZY 6 4 68.602235
ZY 6 5 76.775612
ZY 6 6 72.537969
ZY 6 7 87.828136
ZY 7 0 63.463512
ZY 7 1 75.566829
ZY 7 2 63.745817
ZY 7 3 77.731585
ZY 7 4 72.058090
ZY 7 5 87.057399
ZY 7 6 79.776228
ZY 7 7 65.416768
ZY 8 0 80.113865
ZY 8 1 81.876134
ZY 8 2 86.229511
ZY 8 3 91.504128
ZY 8 4 80.753270
ZY 8 5 97.455928
ZY 8 6 69.810974
ZY 8 7 65.489033
ZY 9 0 52.665719
ZY 9 1 71.485070
ZY 9 2 73.890968
ZY 9 3 56.480417
ZY 9 4 62.653491
ZY 9 5 75.549311
ZY 9 6 81.451052
ZY 9 7 59.378180
ZY 10 0 76.750234
ZY 10 1 86.590859
ZY 10 2 89.658097
ZY 10 3 83.396211
ZY 10 4 90.756295
ZY 10 5 86.780116
ZY 10 6 77.446119
ZY 10 7 76.475865
ZY 11 0 79.564638
ZY 11 1 70.491207
ZY 11 2 78.940570
ZY 11 3 74.831602
ZY 11 4 87.404093
ZY 11 5 89.842274
ZY 11 6 81.003264
ZY 11 7 65.163391
ZY 12 0 66.933463
ZY 12 1 67.202047
ZY 12 2 81.767285
ZY 12 3 93.719692
ZY 12 4 82.022709
ZY 12 5 94.171431
ZY 12 6 92.641168
ZY 12 7 71.484771
ZY 13 0 63.194838
ZY 13 1 76.296143
ZY 13 2 60.477541
ZY 13 3 73.003234
ZY 13 4 95.543104
ZY 13 5 99.854086
ZY 13 6 73.303590
ZY 13 7 56.827756
ZY 14 0 76.389181
ZY 14 1 84.280093
ZY 14 2 83.498764
ZY 14 3 96.824621
ZY 14 4 80.113699
ZY 14 5 83.060138
ZY 14 6 85.735183
ZY 14 7 69.977994
ZY 15 0 70.885608
ZY 15 1 77.070802
ZY 15 2 73.793343
ZY 15 3 76.355662
ZY 15 4 89.826476
ZY 15 5 87.291226
ZY 15 6 78.557158
ZY 15 7 60.671523
ZY 16 0 69.246258
ZY 16 1 68.382285
ZY 16 2 93.252063
ZY 16 3 86.026689
ZY 16 4 77.376393
ZY 16 5 67.282582
ZY 16 6 80.422474
ZY 16 7 70.980646
ZY 17 0 67.630040
ZY 17 1 72.476597
ZY 17 2 72.867632
ZY 17 3 84.565849
ZY 17 4 76.373066
ZY 17 5 79.952914
ZY 17 6 70.956687
ZY 17 7 65.901178
ZY 18 0 76.288739
ZY 18 1 77.774739
ZY 18 2 70.404965
ZY 18 3 84.897361
ZY 18 4 86.223439
ZY 18 5 83.044432
ZY 18 6 81.757035
ZY 18 7 69.101885
ZY 19 0 67.238827
ZY 19 1 75.790705
ZY 19 2 68.593359
ZY 19 3 70.333500
ZY 19 4 78.784090
ZY 19 5 76.144059
ZY 19 6 81.523959
ZY 19 7 81.112890
ZY 20 0 72.560874
ZY 20 1 85.945729
ZY 20 2 80.801210
ZY 20 3 89.925319
ZY 20 4 92.596658
ZY 20 5 72.527887
ZY 20 6 75.826514
ZY 20 7 63.988129
ZY 21 0 69.066393
ZY 21 1 93.147936
ZY 21 2 80.427712
ZY 21 3 83.373183
ZY 21 4 84.937284
ZY 21 5 82.256569
ZY 21 6 76.495124
ZY 21 7 66.287202
ZY 22 0 63.811183
ZY 22 1 85.996373
ZY 22 2 80.216210
ZY 22 3 79.582645
ZY 22 4 80.583140
ZY 22 5 77.847289
ZY 22 6 78.083720
ZY 22 7 80.234626
ZY 23 0 76.298711
ZY 23 1 63.820345
ZY 23 2 70.850935
ZY 23 3 85.221948
ZY 23 4 80.285338
ZY 23 5 83.548647
ZY 23 6 81.350334
ZY 23 7 66.491199
ZY 24 0 58.183594
ZY 24 1 83.347658
ZY 24 2 68.605324
ZY 24 3 83.816392
ZY 24 4 93.420579
ZY 24 5 87.604489
ZY 24 6 79.041326
ZY 24 7 68.535067
ZY 25 0 75.374217
ZY 25 1 90.975756
ZY 25 2 96.805285
ZY 25 3 81.564166
ZY 25 4 70.804100
ZY 25 5 89.298184
ZY 25 6 83.426217
ZY 25 7 63.438864
ZY 26 0 66.094072
ZY 26 1 77.827913
ZY 26 2 73.336801
ZY 26 3 85.820431
ZY 26 4 92.627556
ZY 26 5 88.836198
ZY 26 6 84.108615
ZY 26 7 77.236165
ZY 27 0 73.414026
ZY 27 1 74.561017
ZY 27 2 83.125713
ZY 27 3 87.029346
ZY 27 4 81.172141
ZY 27 5 84.152413
ZY 27 6 74.696906
ZY 27 7 71.119882
ZY 28 0 65.338854
ZY 28 1 88.880902
ZY 28 2 87.458159
ZY 28 3 63.515644
ZY 28 4 101.537449
ZY 28 5 98.184934
ZY 28 6 79.055148
ZY 28 7 80.127336
ZY 29 0 67.437312
ZY 29 1 81.492057
ZY 29 2 86.153335
ZY 29 3 78.049154
ZY 29 4 86.479207
ZY 29 5 89.339053
ZY 29 6 76.327527
ZY 29 7 70.441066
ZY 30 0 66.630203
ZY 30 1 82.171524
ZY 30 2 83.623254
ZY 30 3 89.285348
ZY 30 4 86.726529
ZY 30 5 86.137124
ZY 30 6 70.288351
ZY 30 7 83.502834
ZY 31 0 52.305177
ZY 31 1 72.632252
ZY 31 2 75.709700
ZY 31 3 81.444821
ZY 31 4 79.469030
ZY 31 5 79.650706
ZY 31 6 80.168547
ZY 31 7 67.402510
ZY 32 0 57.366909
ZY 32 1 79.250718
ZY 32 2 94.470021
ZY 32 3 74.588039
ZY 32 4 85.852551
ZY 32 5 90.685313
ZY 32 6 87.048159
ZY 32 7 68.088614
ZY 33 0 72.160272
ZY 33 1 64.526713
ZY 33 2 71.269250
ZY 33 3 83.058359
ZY 33 4 82.375479
ZY 33 5 86.018086
ZY 33 6 77.239986
ZY 33 7 58.485752
ZY 34 0 43.617664
ZY 34 1 49.431289
ZY 34 2 73.032460
ZY 34 3 83.844369
ZY 34 4 85.472110
ZY 34 5 71.479648
ZY 34 6 90.812429
ZY 34 7 64.397499
ZY 35 0 68.207874
ZY 35 1 72.046053
ZY 35 2 76.211484
ZY 35 3 87.097447
ZY 35 4 86.156944
ZY 35 5 80.349245
ZY 35 6 81.283808
ZY 35 7 -1.000000
ZY 36 0 60.077901
ZY 36 1 59.878556
ZY 36 2 85.690634
ZY 36 3 81.834333
ZY 36 4 90.254805
ZY 36 5 30.641504
ZY 36 6 94.607253
ZY 36 7 66.544605
ZY 37 0 81.482582
ZY 37 1 77.055275
ZY 37 2 75.659425
ZY 37 3 84.371162
ZY 37 4 95.640840
ZY 37 5 80.841847
ZY 37 6 76.944086
ZY 37 7 61.496716
ZY 38 0 68.313941
ZY 38 1 80.697799
ZY 38 2 71.757268
ZY 38 3 84.317811
ZY 38 4 79.191380
ZY 38 5 83.803646
ZY 38 6 85.323808
ZY 38 7 72.366730
ZY 39 0 76.802321
ZY 39 1 80.284033
ZY 39 2 87.889499
ZY 39 3 83.612482
ZY 39 4 88.945710
ZY 39 5 69.674620
ZY 39 6 81.311595
ZY 39 7 72.004978
ZY 40 0 67.279039
ZY 40 1 72.228000
ZY 40 2 88.769972
ZY 40 3 78.090585
ZY 40 4 88.891837
ZY 40 5 84.298271
ZY 40 6 59.672064
ZY 40 7 64.294489
ZY 41 0 72.108739
ZY 41 1 81.339317
ZY 41 2 75.557677
ZY 41 3 72.283638
ZY 41 4 94.335886
ZY 41 5 80.929779
ZY 41 6 81.928569
ZY 41 7 58.754209
ZY 42 0 43.541355
ZY 42 1 73.041353
ZY 42 2 66.554591
ZY 42 3 80.500438
ZY 42 4 84.203149
ZY 42 5 88.245324
ZY 42 6 82.797771
ZY 42 7 76.207316
ZY 43 0 73.567313
ZY 43 1 95.250528
ZY 43 2 89.345989
ZY 43 3 67.401448
ZY 43 4 75.547381
ZY 43 5 74.542486
ZY 43 6 85.599263
ZY 43 7 64.492367
ZY 44 0 62.700084
ZY 44 1 67.157779
ZY 44 2 66.685411
ZY 44 3 87.056409
ZY 44 4 78.070632
ZY 44 5 75.997258
ZY 44 6 90.750697
ZY 44 7 69.671510
ZY 45 0 87.316583
ZY 45 1 97.723665
ZY 45 2 92.806954
ZY 45 3 83.730139
ZY 45 4 82.984913
ZY 45 5 79.671035
ZY 45 6 76.002956
ZY 45 7 54.807741
ZY 46 0 64.012634
ZY 46 1 71.618823
ZY 46 2 70.460887
ZY 46 3 93.787500
ZY 46 4 83.403734
ZY 46 5 82.994746
ZY 46 6 85.524508
ZY 46 7 55.069174
ZY 47 0 72.689749
ZY 47 1 61.511012
ZY 47 2 70.385341
ZY 47 3 68.107028
ZY 47 4 71.849073
ZY 47 5 67.056267
ZY 47 6 71.063722
ZY 47 7 -1.000000
