XY 0 0 14.567741
XY 0 1 21.281579
XY 0 2 21.227652
XY 0 3 21.020603
XY 0 4 21.206285
XY 0 5 20.799883
XY 0 6 21.526903
XY 0 7 -1.000000
XY 1 0 22.933688
XY 1 1 24.623335
XY 1 2 22.140178
XY 1 3 22.513915
XY 1 4 26.207757
XY 1 5 22.869562
XY 1 6 24.956727
XY 1 7 19.805100
XY 2 0 21.301359
XY 2 1 21.740171
XY 2 2 25.015184
XY 2 3 20.991226
XY 2 4 22.191354
XY 2 5 24.036755
XY 2 6 22.975237
XY 2 7 21.122357
XY 3 0 22.376031
XY 3 1 20.327143
XY 3 2 24.259840
XY 3 3 25.196123
XY 3 4 23.027847
XY 3 5 23.268834
XY 3 6 22.082559
XY 3 7 23.023074
XY 4 0 11.583293
XY 4 1 -1.000000
XY 4 2 21.121411
XY 4 3 22.206022
XY 4 4 16.931757
XY 4 5 22.337258
XY 4 6 25.729699
XY 4 7 20.739686
XY 5 0 24.508409
XY 5 1 22.707601
XY 5 2 25.595055
XY 5 3 25.797565
XY 5 4 24.777319
XY 5 5 27.595784
XY 5 6 24.860077
XY 5 7 23.697715
XY 6 0 19.896937
XY 6 1 22.597750
XY 6 2 22.667987
XY 6 3 22.129301
XY 6 4 20.575566
XY 6 5 23.814769
XY 6 6 23.291000
XY 6 7 21.868871
XY 7 0 23.053775
XY 7 1 24.487602
XY 7 2 25.032770
XY 7 3 26.256513
XY 7 4 25.070694
XY 7 5 27.995302
XY 7 6 24.404192
XY 7 7 24.084835
XY 8 0 19.431620
XY 8 1 22.792993
XY 8 2 23.410869
XY 8 3 24.489806
XY 8 4 -1.000000
XY 8 5 24.115711
XY 8 6 23.980144
XY 8 7 18.879354
XY 9 0 22.131219
XY 9 1 22.387643
XY 9 2 23.180176
XY 9 3 23.179790
XY 9 4 -1.000000
XY 9 5 22.785198
XY 9 6 23.748852
XY 9 7 21.347887
XY 10 0 21.259916
XY 10 1 21.610943
XY 10 2 21.200153
XY 10 3 25.952464
XY 10 4 14.327775
XY 10 5 24.354557
XY 10 6 25.413327
XY 10 7 21.510516
XY 11 0 21.912609
XY 11 1 21.595285
XY 11 2 23.255189
XY 11 3 22.019859
XY 11 4 -1.000000
XY 11 5 25.619705
XY 11 6 23.506859
XY 11 7 19.792787
XY 12 0 18.475806
XY 12 1 20.058783
XY 12 2 22.981148
XY 12 3 22.814406
XY 12 4 17.717798
XY 12 5 25.167090
XY 12 6 23.072651
XY 12 7 18.573585
XY 13 0 21.273652
XY 13 1 23.361287
XY 13 2 25.055142
XY 13 3 24.031920
XY 13 4 -1.000000
XY 13 5 25.341714
XY 13 6 22.009848
XY 13 7 18.742958
XY 14 0 20.859244
XY 14 1 23.005717
XY 14 2 22.462347
XY 14 3 23.154332
XY 14 4 23.081068
XY 14 5 23.958627
XY 14 6 20.723796
XY 14 7 20.693897
XY 15 0 21.600896
XY 15 1 22.848816
XY 15 2 24.313763
XY 15 3 23.000592
XY 15 4 -1.000000
XY 15 5 27.406070
XY 15 6 24.405549
XY 15 7 19.160280
XY 16 0 20.429110
XY 16 1 18.907646
XY 16 2 22.999942
XY 16 3 23.067401
XY 16 4 20.723452
XY 16 5 20.537913
XY 16 6 25.177287
XY 16 7 22.814451
XY 17 0 20.948813
XY 17 1 22.007785
XY 17 2 15.806302
XY 17 3 22.566760
XY 17 4 22.181350
XY 17 5 22.643626
XY 17 6 20.665776
XY 17 7 22.176430
XY 18 0 21.717535
XY 18 1 21.787447
XY 18 2 29.002550
XY 18 3 22.516867
XY 18 4 24.594134
XY 18 5 23.018075
XY 18 6 22.430217
XY 18 7 23.315978
XY 19 0 20.414971
XY 19 1 21.025337
XY 19 2 23.498903
XY 19 3 22.975863
XY 19 4 23.633701
XY 19 5 22.018323
XY 19 6 22.294554
XY 19 7 19.305257
XY 20 0 20.202762
XY 20 1 15.166929
XY 20 2 23.828455
XY 20 3 24.267415
XY 20 4 19.852851
XY 20 5 25.359675
XY 20 6 24.093937
XY 20 7 20.358027
XY 21 0 20.949074
XY 21 1 21.088245
XY 21 2 26.382340
XY 21 3 24.455985
XY 21 4 22.504855
XY 21 5 24.001532
XY 21 6 24.820818
XY 21 7 19.576450
XY 22 0 20.997817
XY 22 1 15.961718
XY 22 2 24.185101
XY 22 3 -1.000000
XY 22 4 22.571308
XY 22 5 -1.000000
XY 22 6 23.073890
XY 22 7 20.049102
XY 23 0 21.816087
XY 23 1 19.298134
XY 23 2 20.933318
XY 23 3 21.330161
XY 23 4 22.554074
XY 23 5 23.639970
XY 23 6 27.710030
XY 23 7 22.366695
XZ 0 0 16.430024
XZ 0 1 14.226489
XZ 0 2 23.104849
XZ 0 3 21.023414
XZ 0 4 17.450030
XZ 0 5 21.133671
XZ 0 6 15.858141
XZ 0 7 19.727157
XZ 0 8 20.209536
XZ 0 9 24.283134
XZ 0 10 23.040331
XZ 0 11 22.203618
XZ 0 12 6.731046
XZ 0 13 20.886884
XZ 0 14 20.064289
XZ 0 15 23.359530
XZ 0 16 18.943920
XZ 0 17 22.307460
XZ 0 18 24.441100
XZ 0 19 21.816972
XZ 0 20 22.880374
XZ 0 21 17.324627
XZ 0 22 23.766540
XZ 0 23 22.390563
XZ 0 24 16.672420
XZ 0 25 6.792813
XZ 0 26 19.745991
XZ 0 27 26.450857
XZ 0 28 18.957525
XZ 0 29 26.746180
XZ 0 30 20.842938
XZ 0 31 21.235425
XZ 0 32 22.887759
XZ 0 33 27.576732
XZ 0 34 22.839342
XZ 0 35 21.806855
XZ 0 36 20.356171
XZ 0 37 23.591398
XZ 0 38 21.335020
XZ 0 39 23.739210
XZ 0 40 16.603635
XZ 0 41 24.294202
XZ 0 42 23.801276
XZ 0 43 24.229145
XZ 0 44 24.037069
XZ 0 45 20.361953
XZ 0 46 23.519580
XZ 0 47 19.901186
XZ 1 0 17.515390
XZ 1 1 21.414303
XZ 1 2 23.494663
XZ 1 3 23.716860
XZ 1 4 22.966765
XZ 1 5 21.029435
XZ 1 6 22.540741
XZ 1 7 24.443721
XZ 1 8 21.924564
XZ 1 9 28.711458
XZ 1 10 23.109226
XZ 1 11 28.611168
XZ 1 12 24.614099
XZ 1 13 21.509750
XZ 1 14 21.350675
XZ 1 15 24.188392
XZ 1 16 21.178049
XZ 1 17 24.102687
XZ 1 18 19.907341
XZ 1 19 23.641656
XZ 1 20 20.680024
XZ 1 21 23.092853
XZ 1 22 27.780002
XZ 1 23 25.356965
XZ 1 24 17.100561
XZ 1 25 29.504048
XZ 1 26 27.651864
XZ 1 27 30.436335
XZ 1 28 24.241510
XZ 1 29 27.545089
XZ 1 30 25.129024
XZ 1 31 25.760188
XZ 1 32 28.445906
XZ 1 33 24.682861
XZ 1 34 20.889109
XZ 1 35 28.600881
XZ 1 36 26.141601
XZ 1 37 27.417320
XZ 1 38 22.699988
XZ 1 39 25.419049
XZ 1 40 24.552358
XZ 1 41 22.094695
XZ 1 42 17.830953
XZ 1 43 24.068732
XZ 1 44 26.031039
XZ 1 45 21.108478
XZ 1 46 23.306875
XZ 1 47 21.455724
XZ 2 0 20.977208
XZ 2 1 23.936009
XZ 2 2 23.528882
XZ 2 3 23.571292
XZ 2 4 21.971541
XZ 2 5 24.612949
XZ 2 6 25.954838
XZ 2 7 25.325089
XZ 2 8 20.785794
XZ 2 9 27.125872
XZ 2 10 24.678943
XZ 2 11 28.102169
XZ 2 12 21.592999
XZ 2 13 25.453009
XZ 2 14 16.553700
XZ 2 15 24.753339
XZ 2 16 26.618169
XZ 2 17 25.324032
XZ 2 18 25.629925
XZ 2 19 28.595146
XZ 2 20 27.068831
XZ 2 21 21.800728
XZ 2 22 27.106778
XZ 2 23 21.214547
XZ 2 24 27.825213
XZ 2 25 31.506220
XZ 2 26 25.540038
XZ 2 27 31.210561
XZ 2 28 30.210306
XZ 2 29 28.019036
XZ 2 30 24.659138
XZ 2 31 25.818237
XZ 2 32 23.463148
XZ 2 33 29.462981
XZ 2 34 21.341282
XZ 2 35 24.821883
XZ 2 36 23.835259
XZ 2 37 25.417603
XZ 2 38 27.866953
XZ 2 39 25.925680
XZ 2 40 22.279961
XZ 2 41 24.028958
XZ 2 42 28.566526
XZ 2 43 21.354323
XZ 2 44 22.736216
XZ 2 45 24.110692
XZ 2 46 28.265758
XZ 2 47 21.765100
XZ 3 0 20.211483
XZ 3 1 17.527294
XZ 3 2 22.889771
XZ 3 3 25.443964
XZ 3 4 22.171277
XZ 3 5 24.996621
XZ 3 6 23.814301
XZ 3 7 24.845353
XZ 3 8 26.631960
XZ 3 9 25.546614
XZ 3 10 21.461640
XZ 3 11 29.583437
XZ 3 12 24.571587
XZ 3 13 28.886966
XZ 3 14 22.727384
XZ 3 15 22.360851
XZ 3 16 30.659671
XZ 3 17 20.218423
XZ 3 18 24.624108
XZ 3 19 29.645847
XZ 3 20 27.505035
XZ 3 21 18.117287
XZ 3 22 30.070351
XZ 3 23 19.452267
XZ 3 24 24.382087
XZ 3 25 31.226765
XZ 3 26 26.284286
XZ 3 27 26.834540
XZ 3 28 25.401769
XZ 3 29 25.838786
XZ 3 30 31.462731
XZ 3 31 22.562584
XZ 3 32 26.498911
XZ 3 33 19.871273
XZ 3 34 19.586618
XZ 3 35 26.871752
XZ 3 36 31.911019
XZ 3 37 22.974848
XZ 3 38 22.858327
XZ 3 39 28.976364
XZ 3 40 25.512781
XZ 3 41 24.575485
XZ 3 42 15.050537
XZ 3 43 24.945257
XZ 3 44 28.707155
XZ 3 45 25.602152
XZ 3 46 24.383155
XZ 3 47 19.803841
XZ 4 0 21.596595
XZ 4 1 17.748687
XZ 4 2 22.850179
XZ 4 3 24.968372
XZ 4 4 19.058746
XZ 4 5 26.100259
XZ 4 6 22.241587
XZ 4 7 24.148937
XZ 4 8 27.348470
XZ 4 9 26.351282
XZ 4 10 27.158152
XZ 4 11 28.406301
XZ 4 12 24.451181
XZ 4 13 27.490995
XZ 4 14 23.201878
XZ 4 15 28.607591
XZ 4 16 23.466029
XZ 4 17 21.326253
XZ 4 18 18.570144
XZ 4 19 26.975572
XZ 4 20 22.402358
XZ 4 21 22.846509
XZ 4 22 28.798142
XZ 4 23 26.796270
XZ 4 24 28.976713
XZ 4 25 22.151509
XZ 4 26 25.255678
XZ 4 27 26.684629
XZ 4 28 25.681546
XZ 4 29 26.131185
XZ 4 30 20.612303
XZ 4 31 24.140131
XZ 4 32 20.658639
XZ 4 33 23.918434
XZ 4 34 25.046604
XZ 4 35 27.481373
XZ 4 36 24.984355
XZ 4 37 23.446991
XZ 4 38 28.990087
XZ 4 39 20.188962
XZ 4 40 25.101301
XZ 4 41 25.695120
XZ 4 42 21.530933
XZ 4 43 25.992403
XZ 4 44 20.827809
XZ 4 45 28.501014
XZ 4 46 24.597768
XZ 4 47 24.190472
XZ 5 0 15.726678
XZ 5 1 18.239170
XZ 5 2 24.977729
XZ 5 3 22.450742
XZ 5 4 22.102092
XZ 5 5 25.172507
XZ 5 6 25.530795
XZ 5 7 25.366033
XZ 5 8 23.688850
XZ 5 9 26.268254
XZ 5 10 24.233620
XZ 5 11 26.712483
XZ 5 12 25.054403
XZ 5 13 28.319480
XZ 5 14 25.922824
XZ 5 15 27.099550
XZ 5 16 22.585659
XZ 5 17 21.048519
XZ 5 18 26.347756
XZ 5 19 25.342011
XZ 5 20 31.018725
XZ 5 21 28.504703
XZ 5 22 24.754391
XZ 5 23 26.332145
XZ 5 24 25.543689
XZ 5 25 30.398413
XZ 5 26 37.437371
XZ 5 27 32.506510
XZ 5 28 24.940503
XZ 5 29 29.285796
XZ 5 30 26.502472
XZ 5 31 24.434506
XZ 5 32 25.804807
XZ 5 33 24.969748
XZ 5 34 26.593576
XZ 5 35 23.868346
XZ 5 36 29.951499
XZ 5 37 31.179225
XZ 5 38 24.794284
XZ 5 39 29.436492
XZ 5 40 27.484248
XZ 5 41 23.801828
XZ 5 42 27.527525
XZ 5 43 23.150352
XZ 5 44 21.153951
XZ 5 45 26.998605
XZ 5 46 23.130177
XZ 5 47 17.329012
XZ 6 0 16.591094
XZ 6 1 25.457670
XZ 6 2 24.192973
XZ 6 3 20.712995
XZ 6 4 22.614736
XZ 6 5 25.750615
XZ 6 6 24.671623
XZ 6 7 23.390145
XZ 6 8 27.047848
XZ 6 9 29.630447
XZ 6 10 23.285670
XZ 6 11 28.847782
XZ 6 12 18.514649
XZ 6 13 28.028924
XZ 6 14 22.324493
XZ 6 15 27.313206
XZ 6 16 25.898764
XZ 6 17 27.955789
XZ 6 18 24.162973
XZ 6 19 21.645239
XZ 6 20 26.115719
XZ 6 21 26.409390
XZ 6 22 27.389258
XZ 6 23 25.984321
XZ 6 24 29.492020
XZ 6 25 28.198732
XZ 6 26 32.175495
XZ 6 27 27.221878
XZ 6 28 24.849106
XZ 6 29 26.776779
XZ 6 30 24.286665
XZ 6 31 25.400995
XZ 6 32 28.419839
XZ 6 33 30.102594
XZ 6 34 28.258821
XZ 6 35 31.351197
XZ 6 36 25.983835
XZ 6 37 27.730502
XZ 6 38 24.483115
XZ 6 39 25.545757
XZ 6 40 24.484586
XZ 6 41 27.256215
XZ 6 42 26.934679
XZ 6 43 29.221948
XZ 6 44 24.207081
XZ 6 45 28.306459
XZ 6 46 24.215934
XZ 6 47 26.848249
XZ 7 0 15.616289
XZ 7 1 20.940973
XZ 7 2 22.191898
XZ 7 3 26.761629
XZ 7 4 26.439561
XZ 7 5 24.659180
XZ 7 6 24.873885
XZ 7 7 25.948731
XZ 7 8 22.846804
XZ 7 9 32.872024
XZ 7 10 27.889201
XZ 7 11 27.346111
XZ 7 12 21.830145
XZ 7 13 28.221367
XZ 7 14 21.447051
XZ 7 15 23.464652
XZ 7 16 24.235095
XZ 7 17 27.952055
XZ 7 18 22.579760
XZ 7 19 25.566728
XZ 7 20 26.424155
XZ 7 21 24.906361
XZ 7 22 14.897594
XZ 7 23 -1.000000
XZ 7 24 23.829697
XZ 7 25 25.134898
XZ 7 26 27.763266
XZ 7 27 33.078810
XZ 7 28 22.864118
XZ 7 29 25.527564
XZ 7 30 27.793818
XZ 7 31 31.726426
XZ 7 32 27.104793
XZ 7 33 23.089969
XZ 7 34 25.158483
XZ 7 35 21.483675
XZ 7 36 27.269404
XZ 7 37 24.521710
XZ 7 38 16.931722
XZ 7 39 22.817711
XZ 7 40 27.244871
XZ 7 41 20.335255
XZ 7 42 19.430637
XZ 7 43 27.933788
XZ 7 44 24.078448
XZ 7 45 26.347531
XZ 7 46 27.609350
XZ 7 47 21.768542
XZ 8 0 17.657367
XZ 8 1 25.223208
XZ 8 2 24.927778
XZ 8 3 27.745481
XZ 8 4 22.490775
XZ 8 5 22.956710
XZ 8 6 24.708965
XZ 8 7 30.697252
XZ 8 8 23.873506
XZ 8 9 27.232060
XZ 8 10 26.016898
XZ 8 11 31.335243
XZ 8 12 29.489791
XZ 8 13 27.545536
XZ 8 14 24.302963
XZ 8 15 26.942667
XZ 8 16 27.968079
XZ 8 17 25.329281
XZ 8 18 25.839317
XZ 8 19 30.344207
XZ 8 20 26.283046
XZ 8 21 24.829740
XZ 8 22 24.146093
XZ 8 23 22.165930
XZ 8 24 29.397741
XZ 8 25 29.997802
XZ 8 26 26.963429
XZ 8 27 32.529698
XZ 8 28 33.669973
XZ 8 29 20.553501
XZ 8 30 26.601073
XZ 8 31 23.386178
XZ 8 32 22.851490
XZ 8 33 23.047950
XZ 8 34 22.497757
XZ 8 35 24.950009
XZ 8 36 26.285734
XZ 8 37 22.447400
XZ 8 38 23.915688
XZ 8 39 21.840409
XZ 8 40 24.001796
XZ 8 41 24.441808
XZ 8 42 20.475479
XZ 8 43 29.413314
XZ 8 44 21.178251
XZ 8 45 25.179972
XZ 8 46 25.239255
XZ 8 47 16.905912
XZ 9 0 18.896071
XZ 9 1 25.315894
XZ 9 2 24.496868
XZ 9 3 25.360015
XZ 9 4 22.216627
XZ 9 5 26.397588
XZ 9 6 26.726701
XZ 9 7 29.671336
XZ 9 8 23.057837
XZ 9 9 28.569696
XZ 9 10 25.912126
XZ 9 11 30.938121
XZ 9 12 25.339635
XZ 9 13 25.158347
XZ 9 14 25.977943
XZ 9 15 21.107368
XZ 9 16 28.079632
XZ 9 17 27.437511
XZ 9 18 19.690743
XZ 9 19 27.377530
XZ 9 20 29.478624
XZ 9 21 22.217461
XZ 9 22 26.695487
XZ 9 23 20.324626
XZ 9 24 34.874460
XZ 9 25 27.513452
XZ 9 26 31.921295
XZ 9 27 24.684424
XZ 9 28 28.317288
XZ 9 29 20.506879
XZ 9 30 30.615724
XZ 9 31 29.022574
XZ 9 32 20.822188
XZ 9 33 24.664005
XZ 9 34 23.041234
XZ 9 35 22.956574
XZ 9 36 22.934001
XZ 9 37 22.964988
XZ 9 38 24.183869
XZ 9 39 23.376950
XZ 9 40 24.098905
XZ 9 41 24.320750
XZ 9 42 24.089910
XZ 9 43 25.747116
XZ 9 44 26.281552
XZ 9 45 26.772677
XZ 9 46 25.695903
XZ 9 47 24.908857
XZ 10 0 16.205996
XZ 10 1 24.948971
XZ 10 2 21.332809
XZ 10 3 27.798876
XZ 10 4 25.325231
XZ 10 5 26.634167
XZ 10 6 27.374896
XZ 10 7 24.887162
XZ 10 8 28.376236
XZ 10 9 29.193418
XZ 10 10 27.425663
XZ 10 11 25.331724
XZ 10 12 21.515204
XZ 10 13 26.994863
XZ 10 14 22.913739
XZ 10 15 26.785368
XZ 10 16 19.931886
XZ 10 17 28.866306
XZ 10 18 20.157851
XZ 10 19 24.456234
XZ 10 20 22.534864
XZ 10 21 24.156339
XZ 10 22 19.005072
XZ 10 23 26.330358
XZ 10 24 20.283569
XZ 10 25 19.364352
XZ 10 26 14.713363
XZ 10 27 30.195410
XZ 10 28 26.244876
XZ 10 29 24.782661
XZ 10 30 23.999846
XZ 10 31 22.817738
XZ 10 32 23.123079
XZ 10 33 27.368458
XZ 10 34 24.367959
XZ 10 35 22.883317
XZ 10 36 23.277861
XZ 10 37 24.994602
XZ 10 38 22.303153
XZ 10 39 22.395026
XZ 10 40 20.128685
XZ 10 41 26.268894
XZ 10 42 23.758201
XZ 10 43 25.054517
XZ 10 44 23.222988
XZ 10 45 27.708106
XZ 10 46 22.948232
XZ 10 47 23.745702
XZ 11 0 20.760937
XZ 11 1 23.074667
XZ 11 2 27.242231
XZ 11 3 24.105657
XZ 11 4 24.610239
XZ 11 5 26.022996
XZ 11 6 22.743589
XZ 11 7 25.660948
XZ 11 8 20.462843
XZ 11 9 28.586946
XZ 11 10 28.940313
XZ 11 11 31.603860
XZ 11 12 21.073155
XZ 11 13 29.264120
XZ 11 14 22.087498
XZ 11 15 24.252814
XZ 11 16 24.238046
XZ 11 17 23.977261
XZ 11 18 23.075496
XZ 11 19 22.746145
XZ 11 20 27.651513
XZ 11 21 25.860866
XZ 11 22 23.702244
XZ 11 23 21.427735
XZ 11 24 24.499077
XZ 11 25 26.763179
XZ 11 26 26.032292
XZ 11 27 33.056476
XZ 11 28 23.239037
XZ 11 29 23.764169
XZ 11 30 20.747441
XZ 11 31 24.620259
XZ 11 32 17.854934
XZ 11 33 23.676187
XZ 11 34 23.649781
XZ 11 35 27.664321
XZ 11 36 21.908769
XZ 11 37 26.453942
XZ 11 38 23.782884
XZ 11 39 25.970354
XZ 11 40 21.683142
XZ 11 41 25.005473
XZ 11 42 25.235773
XZ 11 43 25.720714
XZ 11 44 28.675370
XZ 11 45 26.952173
XZ 11 46 21.995766
XZ 11 47 22.561408
XZ 12 0 16.600238
XZ 12 1 22.819092
XZ 12 2 23.765100
XZ 12 3 20.542352
XZ 12 4 23.607032
XZ 12 5 25.333530
XZ 12 6 22.505213
XZ 12 7 27.076877
XZ 12 8 27.671932
XZ 12 9 28.769689
XZ 12 10 25.593532
XZ 12 11 28.957549
XZ 12 12 23.663923
XZ 12 13 23.888682
XZ 12 14 27.158639
XZ 12 15 24.575479
XZ 12 16 19.973522
XZ 12 17 30.310092
XZ 12 18 19.476654
XZ 12 19 19.663321
XZ 12 20 20.209600
XZ 12 21 22.686686
XZ 12 22 29.163563
XZ 12 23 26.164187
XZ 12 24 30.822738
XZ 12 25 22.776053
XZ 12 26 26.425867
XZ 12 27 29.774394
XZ 12 28 27.617050
XZ 12 29 30.386219
XZ 12 30 25.798603
XZ 12 31 27.163673
XZ 12 32 24.782237
XZ 12 33 26.067455
XZ 12 34 19.491624
XZ 12 35 24.839884
XZ 12 36 23.228965
XZ 12 37 27.364114
XZ 12 38 27.401082
XZ 12 39 30.031225
XZ 12 40 24.641924
XZ 12 41 24.154149
XZ 12 42 20.126510
XZ 12 43 26.031059
XZ 12 44 24.606563
XZ 12 45 28.707093
XZ 12 46 23.334961
XZ 12 47 25.415017
XZ 13 0 -1.000000
XZ 13 1 24.329074
XZ 13 2 20.206726
XZ 13 3 27.031752
XZ 13 4 19.021113
XZ 13 5 29.112567
XZ 13 6 20.561303
XZ 13 7 26.402538
XZ 13 8 26.444680
XZ 13 9 28.042101
XZ 13 10 25.358420
XZ 13 11 29.771919
XZ 13 12 20.503306
XZ 13 13 28.020956
XZ 13 14 23.768559
XZ 13 15 24.703179
XZ 13 16 22.743715
XZ 13 17 25.452140
XZ 13 18 20.078148
XZ 13 19 25.025707
XZ 13 20 25.723945
XZ 13 21 23.171536
XZ 13 22 18.883411
XZ 13 23 24.776214
XZ 13 24 29.246674
XZ 13 25 21.530222
XZ 13 26 27.796852
XZ 13 27 26.426634
XZ 13 28 22.598570
XZ 13 29 24.288050
XZ 13 30 22.522473
XZ 13 31 21.672525
XZ 13 32 23.425390
XZ 13 33 28.529352
XZ 13 34 25.134039
XZ 13 35 25.667673
XZ 13 36 24.273629
XZ 13 37 26.431567
XZ 13 38 24.004737
XZ 13 39 26.934227
XZ 13 40 24.167063
XZ 13 41 21.254761
XZ 13 42 25.642204
XZ 13 43 19.698192
XZ 13 44 27.922681
XZ 13 45 25.938044
XZ 13 46 24.016087
XZ 13 47 20.472411
XZ 14 0 16.995941
XZ 14 1 19.120489
XZ 14 2 20.118501
XZ 14 3 28.438329
XZ 14 4 22.484053
XZ 14 5 25.753055
XZ 14 6 25.420189
XZ 14 7 27.290544
XZ 14 8 27.427998
XZ 14 9 29.530365
XZ 14 10 24.128468
XZ 14 11 27.442917
XZ 14 12 20.795251
XZ 14 13 28.605166
XZ 14 14 21.287331
XZ 14 15 27.705621
XZ 14 16 16.394877
XZ 14 17 18.201471
XZ 14 18 22.302144
XZ 14 19 29.253752
XZ 14 20 20.286811
XZ 14 21 20.580608
XZ 14 22 28.527275
XZ 14 23 21.266964
XZ 14 24 33.090990
XZ 14 25 37.833924
XZ 14 26 38.572544
XZ 14 27 44.942935
XZ 14 28 20.351465
XZ 14 29 22.915678
XZ 14 30 26.907058
XZ 14 31 33.801181
XZ 14 32 24.809021
XZ 14 33 24.069961
XZ 14 34 23.820510
XZ 14 35 24.926943
XZ 14 36 22.468656
XZ 14 37 24.235908
XZ 14 38 34.046253
XZ 14 39 15.899690
XZ 14 40 26.592353
XZ 14 41 20.736325
XZ 14 42 23.459859
XZ 14 43 21.469770
XZ 14 44 21.660373
XZ 14 45 26.898867
XZ 14 46 23.173979
XZ 14 47 24.111900
XZ 15 0 19.346395
XZ 15 1 23.634437
XZ 15 2 20.500336
XZ 15 3 26.011585
XZ 15 4 23.721302
XZ 15 5 34.726739
XZ 15 6 -1.000000
XZ 15 7 26.886644
XZ 15 8 25.094115
XZ 15 9 31.893638
XZ 15 10 23.904209
XZ 15 11 28.933534
XZ 15 12 26.864564
XZ 15 13 24.887281
XZ 15 14 22.134298
XZ 15 15 30.807771
XZ 15 16 20.021736
XZ 15 17 18.165725
XZ 15 18 29.999608
XZ 15 19 24.880587
XZ 15 20 16.060446
XZ 15 21 23.923588
XZ 15 22 -1.000000
XZ 15 23 -1.000000
XZ 15 24 22.157806
XZ 15 25 26.305212
XZ 15 26 29.786462
XZ 15 27 32.371069
XZ 15 28 27.972205
XZ 15 29 27.758215
XZ 15 30 23.061525
XZ 15 31 28.846372
XZ 15 32 21.962447
XZ 15 33 24.178851
XZ 15 34 24.093503
XZ 15 35 33.398689
XZ 15 36 25.309333
XZ 15 37 24.923522
XZ 15 38 20.273397
XZ 15 39 24.065793
XZ 15 40 27.226374
XZ 15 41 20.270559
XZ 15 42 23.348763
XZ 15 43 22.540645
XZ 15 44 23.581419
XZ 15 45 25.012371
XZ 15 46 23.132249
XZ 15 47 23.082977
XZ 16 0 17.596352
XZ 16 1 23.481444
XZ 16 2 18.342272
XZ 16 3 23.820657
XZ 16 4 22.044858
XZ 16 5 16.970454
XZ 16 6 23.710717
XZ 16 7 25.120888
XZ 16 8 23.574667
XZ 16 9 26.550246
XZ 16 10 28.157478
XZ 16 11 29.807454
XZ 16 12 24.698248
XZ 16 13 22.784831
XZ 16 14 25.811773
XZ 16 15 24.554981
XZ 16 16 20.990920
XZ 16 17 10.452782
XZ 16 18 30.214212
XZ 16 19 25.272578
XZ 16 20 27.132898
XZ 16 21 26.245937
XZ 16 22 31.688851
XZ 16 23 25.817360
XZ 16 24 25.755476
XZ 16 25 24.419755
XZ 16 26 28.520003
XZ 16 27 28.439315
XZ 16 28 23.035040
XZ 16 29 21.311008
XZ 16 30 22.324883
XZ 16 31 19.618664
XZ 16 32 22.985995
XZ 16 33 23.585073
XZ 16 34 24.477082
XZ 16 35 24.819032
XZ 16 36 26.151581
XZ 16 37 23.581952
XZ 16 38 27.757999
XZ 16 39 31.148065
XZ 16 40 25.921884
XZ 16 41 28.501718
XZ 16 42 21.852233
XZ 16 43 26.139186
XZ 16 44 24.579580
XZ 16 45 27.088222
XZ 16 46 26.602464
XZ 16 47 22.202144
XZ 17 0 21.183812
XZ 17 1 18.702966
XZ 17 2 24.760673
XZ 17 3 23.809335
XZ 17 4 21.344478
XZ 17 5 25.497383
XZ 17 6 25.725372
XZ 17 7 26.682408
XZ 17 8 25.469969
XZ 17 9 24.873399
XZ 17 10 30.990885
XZ 17 11 25.359305
XZ 17 12 22.777984
XZ 17 13 22.970876
XZ 17 14 25.253562
XZ 17 15 22.356169
XZ 17 16 30.192289
XZ 17 17 25.434213
XZ 17 18 23.340977
XZ 17 19 29.712056
XZ 17 20 23.011451
XZ 17 21 21.321139
XZ 17 22 22.464475
XZ 17 23 26.592659
XZ 17 24 29.268508
XZ 17 25 32.360628
XZ 17 26 24.079589
XZ 17 27 32.171337
XZ 17 28 22.041707
XZ 17 29 26.122784
XZ 17 30 22.341126
XZ 17 31 27.966002
XZ 17 32 19.346239
XZ 17 33 24.011278
XZ 17 34 28.354476
XZ 17 35 22.328986
XZ 17 36 24.757300
XZ 17 37 27.545722
XZ 17 38 23.204294
XZ 17 39 26.480434
XZ 17 40 22.867875
XZ 17 41 22.190482
XZ 17 42 32.818198
XZ 17 43 24.281308
XZ 17 44 21.792926
XZ 17 45 26.685709
XZ 17 46 24.916557
XZ 17 47 27.629331
XZ 18 0 21.142902
XZ 18 1 24.426249
XZ 18 2 22.710523
XZ 18 3 24.120725
XZ 18 4 23.336361
XZ 18 5 22.400187
XZ 18 6 26.975320
XZ 18 7 25.980094
XZ 18 8 26.185537
XZ 18 9 24.525209
XZ 18 10 27.838137
XZ 18 11 28.947205
XZ 18 12 29.349010
XZ 18 13 26.031310
XZ 18 14 28.785623
XZ 18 15 25.979723
XZ 18 16 30.240853
XZ 18 17 26.811053
XZ 18 18 25.759956
XZ 18 19 24.345276
XZ 18 20 30.255244
XZ 18 21 27.249327
XZ 18 22 22.251064
XZ 18 23 39.198680
XZ 18 24 28.320071
XZ 18 25 24.469213
XZ 18 26 26.399704
XZ 18 27 39.350031
XZ 18 28 40.508499
XZ 18 29 27.439335
XZ 18 30 28.307275
XZ 18 31 28.276512
XZ 18 32 24.043220
XZ 18 33 27.330757
XZ 18 34 23.635659
XZ 18 35 19.817651
XZ 18 36 25.606314
XZ 18 37 30.234809
XZ 18 38 23.069371
XZ 18 39 25.573543
XZ 18 40 22.279280
XZ 18 41 34.376223
XZ 18 42 7.323808
XZ 18 43 24.951766
XZ 18 44 20.151472
XZ 18 45 26.578627
XZ 18 46 21.767758
XZ 18 47 21.036971
XZ 19 0 20.365373
XZ 19 1 22.086792
XZ 19 2 21.049938
XZ 19 3 25.262049
XZ 19 4 21.162164
XZ 19 5 26.922216
XZ 19 6 25.291021
XZ 19 7 25.375812
XZ 19 8 26.396256
XZ 19 9 25.364911
XZ 19 10 25.720978
XZ 19 11 26.323697
XZ 19 12 24.389299
XZ 19 13 24.478009
XZ 19 14 23.964584
XZ 19 15 24.768295
XZ 19 16 21.361164
XZ 19 17 21.128942
XZ 19 18 23.309832
XZ 19 19 20.636370
XZ 19 20 27.755791
XZ 19 21 19.198203
XZ 19 22 26.037606
XZ 19 23 26.555043
XZ 19 24 19.105987
XZ 19 25 27.236351
XZ 19 26 26.933206
XZ 19 27 31.961855
XZ 19 28 29.776433
XZ 19 29 26.652112
XZ 19 30 28.177856
XZ 19 31 25.752490
XZ 19 32 22.821691
XZ 19 33 20.826326
XZ 19 34 25.787912
XZ 19 35 25.985585
XZ 19 36 23.589318
XZ 19 37 23.776420
XZ 19 38 26.187567
XZ 19 39 20.906535
XZ 19 40 24.032161
XZ 19 41 30.577086
XZ 19 42 22.689528
XZ 19 43 23.497056
XZ 19 44 26.154307
XZ 19 45 26.590745
XZ 19 46 24.692842
XZ 19 47 27.943260
XZ 20 0 19.438874
XZ 20 1 23.856650
XZ 20 2 22.932788
XZ 20 3 23.314144
XZ 20 4 18.472298
XZ 20 5 24.382981
XZ 20 6 25.491078
XZ 20 7 23.033052
XZ 20 8 25.110294
XZ 20 9 28.092825
XZ 20 10 30.269443
XZ 20 11 30.973452
XZ 20 12 18.806983
XZ 20 13 30.113711
XZ 20 14 24.317169
XZ 20 15 24.970635
XZ 20 16 20.483021
XZ 20 17 28.683597
XZ 20 18 28.478511
XZ 20 19 22.903897
XZ 20 20 34.556038
XZ 20 21 25.539723
XZ 20 22 20.784183
XZ 20 23 26.005627
XZ 20 24 25.534336
XZ 20 25 32.761362
XZ 20 26 40.613535
XZ 20 27 8.059604
XZ 20 28 22.105806
XZ 20 29 -1.000000
XZ 20 30 27.690539
XZ 20 31 27.909601
XZ 20 32 23.994589
XZ 20 33 26.050406
XZ 20 34 22.551266
XZ 20 35 26.953544
XZ 20 36 25.457626
XZ 20 37 28.250966
XZ 20 38 30.379869
XZ 20 39 27.687435
XZ 20 40 25.326166
XZ 20 41 29.008828
XZ 20 42 24.599913
XZ 20 43 25.944116
XZ 20 44 24.772777
XZ 20 45 26.730975
XZ 20 46 21.384775
XZ 20 47 21.113722
XZ 21 0 18.212942
XZ 21 1 -1.000000
XZ 21 2 19.698899
XZ 21 3 22.984265
XZ 21 4 14.133403
XZ 21 5 27.243829
XZ 21 6 21.974272
XZ 21 7 26.599886
XZ 21 8 28.236898
XZ 21 9 28.727773
XZ 21 10 25.854788
XZ 21 11 28.193294
XZ 21 12 23.899263
XZ 21 13 27.536200
XZ 21 14 27.094214
XZ 21 15 26.163282
XZ 21 16 16.482242
XZ 21 17 27.220047
XZ 21 18 20.805244
XZ 21 19 26.176082
XZ 21 20 28.391424
XZ 21 21 24.283460
XZ 21 22 25.471507
XZ 21 23 29.071431
XZ 21 24 27.068800
XZ 21 25 28.359226
XZ 21 26 33.224028
XZ 21 27 33.911647
XZ 21 28 31.514681
XZ 21 29 26.882386
XZ 21 30 25.028708
XZ 21 31 27.000173
XZ 21 32 22.226219
XZ 21 33 27.236796
XZ 21 34 23.967139
XZ 21 35 25.519426
XZ 21 36 25.738218
XZ 21 37 23.675776
XZ 21 38 27.716715
XZ 21 39 21.210562
XZ 21 40 22.918955
XZ 21 41 30.096049
XZ 21 42 24.183289
XZ 21 43 29.790955
XZ 21 44 27.475071
XZ 21 45 26.670887
XZ 21 46 25.155270
XZ 21 47 22.469324
XZ 22 0 20.667576
XZ 22 1 22.583536
XZ 22 2 21.834460
XZ 22 3 26.810098
XZ 22 4 24.019420
XZ 22 5 26.562158
XZ 22 6 22.174510
XZ 22 7 23.538941
XZ 22 8 19.137152
XZ 22 9 28.114389
XZ 22 10 26.578338
XZ 22 11 27.585832
XZ 22 12 22.167251
XZ 22 13 27.711423
XZ 22 14 20.167428
XZ 22 15 24.053554
XZ 22 16 20.080433
XZ 22 17 27.261265
XZ 22 18 21.065313
XZ 22 19 24.082598
XZ 22 20 27.122872
XZ 22 21 27.971102
XZ 22 22 29.543908
XZ 22 23 22.200154
XZ 22 24 27.245516
XZ 22 25 30.433429
XZ 22 26 26.759143
XZ 22 27 29.800140
XZ 22 28 26.047232
XZ 22 29 21.049349
XZ 22 30 25.142658
XZ 22 31 24.781265
XZ 22 32 26.739014
XZ 22 33 26.719428
XZ 22 34 27.465781
XZ 22 35 25.261503
XZ 22 36 24.060114
XZ 22 37 20.841805
XZ 22 38 25.319472
XZ 22 39 27.303013
XZ 22 40 22.894462
XZ 22 41 22.041553
XZ 22 42 12.073148
XZ 22 43 21.372204
XZ 22 44 26.627271
XZ 22 45 22.852211
XZ 22 46 22.938861
XZ 22 47 18.360759
XZ 23 0 14.402464
XZ 23 1 17.982178
XZ 23 2 20.344197
XZ 23 3 23.457287
XZ 23 4 20.580693
XZ 23 5 24.395104
XZ 23 6 21.009801
XZ 23 7 22.175323
XZ 23 8 23.601352
XZ 23 9 24.643041
XZ 23 10 25.559775
XZ 23 11 23.005041
XZ 23 12 18.427989
XZ 23 13 23.583794
XZ 23 14 22.414353
XZ 23 15 21.589583
XZ 23 16 22.489634
XZ 23 17 13.345703
XZ 23 18 20.697800
XZ 23 19 28.154623
XZ 23 20 19.849281
XZ 23 21 23.241931
XZ 23 22 20.564585
XZ 23 23 -1.000000
XZ 23 24 21.839915
XZ 23 25 20.201580
XZ 23 26 22.860647
XZ 23 27 27.482737
XZ 23 28 20.646765
XZ 23 29 19.030807
XZ 23 30 15.650279
XZ 23 31 24.766204
XZ 23 32 20.885651
XZ 23 33 26.580544
XZ 23 34 23.453845
XZ 23 35 19.251406
XZ 23 36 19.740376
XZ 23 37 17.279568
XZ 23 38 21.762653
XZ 23 39 24.451772
XZ 23 40 18.390180
XZ 23 41 21.173436
XZ 23 42 20.604047
XZ 23 43 20.913445
XZ 23 44 26.060153
XZ 23 45 21.176657
XZ 23 46 21.095973
XZ 23 47 17.549933
ZY 0 0 15.344532
ZY 0 1 21.203581
ZY 0 2 25.431939
ZY 0 3 19.578907
ZY 0 4 25.487539
ZY 0 5 24.612740
ZY 0 6 29.010243
ZY 0 7 20.540277
ZY 1 0 19.946538
ZY 1 1 24.881858
ZY 1 2 22.381722
ZY 1 3 -1.000000
ZY 1 4 24.279795
ZY 1 5 22.365287
ZY 1 6 25.826529
ZY 1 7 20.494785
ZY 2 0 21.894387
ZY 2 1 30.391598
ZY 2 2 26.112570
ZY 2 3 22.560351
ZY 2 4 33.262369
ZY 2 5 31.045418
ZY 2 6 29.933784
ZY 2 7 23.506071
ZY 3 0 15.840986
ZY 3 1 26.377833
ZY 3 2 24.383225
ZY 3 3 27.636287
ZY 3 4 27.775964
ZY 3 5 29.551131
ZY 3 6 26.038192
ZY 3 7 20.006296
ZY 4 0 24.950302
ZY 4 1 25.314769
ZY 4 2 26.241223
ZY 4 3 27.493634
ZY 4 4 40.056330
ZY 4 5 31.583049
ZY 4 6 29.491197
ZY 4 7 27.443952
ZY 5 0 20.550528
ZY 5 1 24.605470
ZY 5 2 28.626291
ZY 5 3 25.270058
ZY 5 4 30.365731
ZY 5 5 25.472455
ZY 5 6 27.054944
ZY 5 7 22.691403
ZY 6 0 19.876938
ZY 6 1 26.772727
ZY 6 2 24.824148
ZY 6 3 29.045025
ZY 6 4 26.651295
ZY 6 5 28.638420
ZY 6 6 26.058692
ZY 6 7 33.929032
ZY 7 0 22.853498
ZY 7 1 27.463546
ZY 7 2 23.088384
ZY 7 3 26.951952
ZY 7 4 27.636062
ZY 7 5 31.259865
ZY 7 6 28.105513
ZY 7 7 23.164780
ZY 8 0 27.337216
ZY 8 1 29.617977
ZY 8 2 30.516084
ZY 8 3 33.449329
ZY 8 4 31.169422
ZY 8 5 36.629265
ZY 8 6 25.228553
ZY 8 7 23.411000
ZY 9 0 19.311994
ZY 9 1 24.633438
ZY 9 2 25.287083
ZY 9 3 19.541552
ZY 9 4 22.205506
ZY 9 5 26.942220
ZY 9 6 28.666481
ZY 9 7 20.564918
ZY 10 0 27.402678
ZY 10 1 30.204224
ZY 10 2 32.834498
ZY 10 3 30.663814
ZY 10 4 33.804711
ZY 10 5 31.303125
ZY 10 6 27.177632
ZY 10 7 26.367246
ZY 11 0 27.279817
ZY 11 1 24.296030
ZY 11 2 28.330081
ZY 11 3 26.767502
ZY 11 4 31.203241
ZY 11 5 30.528762
ZY 11 6 28.804056
ZY 11 7 22.992272
ZY 12 0 24.338214
ZY 12 1 22.854216
ZY 12 2 29.371978
ZY 12 3 33.718040
ZY 12 4 30.627706
ZY 12 5 34.577073
ZY 12 6 33.326719
ZY 12 7 25.497719
ZY 13 0 22.752447
ZY 13 1 27.629652
ZY 13 2 20.915524
ZY 13 3 25.830512
ZY 13 4 38.601376
ZY 13 5 36.629680
ZY 13 6 26.221051
ZY 13 7 20.439913
ZY 14 0 26.312980
ZY 14 1 30.870980
ZY 14 2 30.413071
ZY 14 3 36.512098
ZY 14 4 28.046950
ZY 14 5 30.044926
ZY 14 6 30.238251
ZY 14 7 24.457583
ZY 15 0 24.265071
ZY 15 1 27.194486
ZY 15 2 26.868599
ZY 15 3 27.764526
ZY 15 4 33.436319
ZY 15 5 31.104042
ZY 15 6 27.069863
ZY 15 7 20.869772
ZY 16 0 24.455901
ZY 16 1 24.467052
ZY 16 2 33.182884
ZY 16 3 30.418872
ZY 16 4 28.883122
ZY 16 5 23.826919
ZY 16 6 28.650838
ZY 16 7 24.066333
ZY 17 0 24.012990
ZY 17 1 24.874113
ZY 17 2 26.212260
ZY 17 3 30.499868
ZY 17 4 27.270619
ZY 17 5 27.631699
ZY 17 6 25.591977
ZY 17 7 23.592591
ZY 18 0 26.560261
ZY 18 1 28.038144
ZY 18 2 25.208999
ZY 18 3 31.466066
ZY 18 4 31.828988
ZY 18 5 29.928770
ZY 18 6 29.581795
ZY 18 7 24.589999
ZY 19 0 23.867535
ZY 19 1 26.950186
ZY 19 2 24.195171
ZY 19 3 24.708219
ZY 19 4 28.879896
ZY 19 5 26.991279
ZY 19 6 28.277416
ZY 19 7 29.139554
ZY 20 0 26.500166
ZY 20 1 30.669233
ZY 20 2 28.326312
ZY 20 3 32.058697
ZY 20 4 35.926443
ZY 20 5 24.608650
ZY 20 6 26.596480
ZY 20 7 22.433659
ZY 21 0 24.099013
ZY 21 1 36.217641
ZY 21 2 27.202593
ZY 21 3 30.314956
ZY 21 4 31.543148
ZY 21 5 31.083271
ZY 21 6 27.490534
ZY 21 7 23.097393
ZY 22 0 23.721300
ZY 22 1 31.056349
ZY 22 2 27.909211
ZY 22 3 28.835826
ZY 22 4 30.436169
ZY 22 5 28.451747
ZY 22 6 27.527586
ZY 22 7 28.252915
ZY 23 0 26.624611
ZY 23 1 22.666126
ZY 23 2 24.695225
ZY 23 3 31.696736
ZY 23 4 28.946804
ZY 23 5 30.179458
ZY 23 6 29.212962
ZY 23 7 24.714981
ZY 24 0 20.916903
ZY 24 1 29.080425
ZY 24 2 23.955993
ZY 24 3 30.217829
ZY 24 4 35.404761
ZY 24 5 32.941811
ZY 24 6 27.565226
ZY 24 7 23.614259
ZY 25 0 27.226437
ZY 25 1 32.083574
ZY 25 2 34.214621
ZY 25 3 28.631143
ZY 25 4 25.327937
ZY 25 5 31.080491
ZY 25 6 29.532988
ZY 25 7 22.401265
ZY 26 0 23.306653
ZY 26 1 27.313270
ZY 26 2 25.739439
ZY 26 3 30.499232
ZY 26 4 35.108675
ZY 26 5 32.194627
ZY 26 6 31.262590
ZY 26 7 26.848061
ZY 27 0 25.802717
ZY 27 1 26.669541
ZY 27 2 30.970501
ZY 27 3 31.326671
ZY 27 4 30.282093
ZY 27 5 30.979974
ZY 27 6 26.254307
ZY 27 7 24.384945
ZY 28 0 23.267913
ZY 28 1 32.975616
ZY 28 2 31.359799
ZY 28 3 22.083264
ZY 28 4 41.718501
ZY 28 5 35.812753
ZY 28 6 27.222678
ZY 28 7 29.611336
ZY 29 0 24.339583
ZY 29 1 29.664581
ZY 29 2 30.405845
ZY 29 3 28.266635
ZY 29 4 33.091826
ZY 29 5 31.425322
ZY 29 6 27.264350
ZY 29 7 25.006077
ZY 30 0 22.722811
ZY 30 1 29.415750
ZY 30 2 29.975999
ZY 30 3 34.833089
ZY 30 4 31.411220
ZY 30 5 30.301294
ZY 30 6 24.328730
ZY 30 7 29.529044
ZY 31 0 19.479074
ZY 31 1 26.317702
ZY 31 2 27.046798
ZY 31 3 28.926947
ZY 31 4 31.130011
ZY 31 5 28.213190
ZY 31 6 27.919294
ZY 31 7 23.484023
ZY 32 0 20.680895
ZY 32 1 27.365805
ZY 32 2 34.566763
ZY 32 3 26.530656
ZY 32 4 32.672348
ZY 32 5 32.415799
ZY 32 6 31.159934
ZY 32 7 25.124525
ZY 33 0 24.668664
ZY 33 1 23.452852
ZY 33 2 25.131686
ZY 33 3 29.907153
ZY 33 4 31.737582
ZY 33 5 30.300097
ZY 33 6 26.716079
ZY 33 7 20.753308
ZY 34 0 15.492861
ZY 34 1 17.638227
ZY 34 2 25.143236
ZY 34 3 30.990192
ZY 34 4 31.462818
ZY 34 5 25.029355
ZY 34 6 32.224342
ZY 34 7 23.060157
ZY 35 0 24.026129
ZY 35 1 25.302428
ZY 35 2 27.351624
ZY 35 3 31.447915
ZY 35 4 32.355603
ZY 35 5 28.153094
ZY 35 6 29.153797
ZY 35 7 -1.000000
ZY 36 0 20.604293
ZY 36 1 21.304664
ZY 36 2 30.377787
ZY 36 3 29.048464
ZY 36 4 34.206232
ZY 36 5 10.830912
ZY 36 6 32.249357
ZY 36 7 23.336256
ZY 37 0 29.882765
ZY 37 1 27.591378
ZY 37 2 26.731493
ZY 37 3 31.712865
ZY 37 4 35.072801
ZY 37 5 28.707159
ZY 37 6 27.476795
ZY 37 7 21.716494
ZY 38 0 25.048463
ZY 38 1 29.060506
ZY 38 2 24.906137
ZY 38 3 29.118263
ZY 38 4 30.920747
ZY 38 5 29.630674
ZY 38 6 30.142696
ZY 38 7 26.406147
ZY 39 0 26.131831
ZY 39 1 27.600734
ZY 39 2 31.383509
ZY 39 3 29.477643
ZY 39 4 33.039386
ZY 39 5 24.536385
ZY 39 6 27.891506
ZY 39 7 25.422848
ZY 40 0 24.157899
ZY 40 1 24.428504
ZY 40 2 31.812861
ZY 40 3 28.127954
ZY 40 4 31.453531
ZY 40 5 29.274581
ZY 40 6 20.916103
ZY 40 7 22.733724
ZY 41 0 25.262832
ZY 41 1 28.665932
ZY 41 2 26.175611
ZY 41 3 25.123519
ZY 41 4 34.468667
ZY 41 5 28.739736
ZY 41 6 29.253751
ZY 41 7 20.437710
ZY 42 0 15.038660
ZY 42 1 25.042814
ZY 42 2 22.856862
ZY 42 3 29.236490
ZY 42 4 31.367863
ZY 42 5 31.499481
ZY 42 6 29.714332
ZY 42 7 26.624632
ZY 43 0 25.514371
ZY 43 1 35.754461
ZY 43 2 31.362485
ZY 43 3 23.537472
ZY 43 4 29.987513
ZY 43 5 25.936787
ZY 43 6 29.020957
ZY 43 7 22.770772
ZY 44 0 21.821210
ZY 44 1 23.694236
ZY 44 2 23.586825
ZY 44 3 31.702419
ZY 44 4 28.671395
ZY 44 5 26.154316
ZY 44 6 31.715976
ZY 44 7 24.241718
ZY 45 0 29.349399
ZY 45 1 35.333625
ZY 45 2 33.394371
ZY 45 3 29.052886
ZY 45 4 30.787568
ZY 45 5 28.820031
ZY 45 6 27.100946
ZY 45 7 19.729768
ZY 46 0 23.028577
ZY 46 1 24.885894
ZY 46 2 24.687897
ZY 46 3 34.307077
ZY 46 4 31.023512
ZY 46 5 29.840248
ZY 46 6 29.842770
ZY 46 7 18.701378
ZY 47 0 24.371363
ZY 47 1 21.357192
ZY 47 2 24.149328
ZY 47 3 23.660005
ZY 47 4 27.745656
ZY 47 5 23.029209
ZY 47 6 23.401266
ZY 47 7 -1.000000
