XY 0 0 13.980975
XY 0 1 20.475682
XY 0 2 20.156588
XY 0 3 19.774209
XY 0 4 20.050395
XY 0 5 20.163793
XY 0 6 21.080640
XY 0 7 -1.000000
XY 1 0 21.664999
XY 1 1 24.596314
XY 1 2 21.231740
XY 1 3 20.478275
XY 1 4 25.198100
XY 1 5 21.117895
XY 1 6 24.290719
XY 1 7 17.398445
XY 2 0 20.813828
XY 2 1 20.856894
XY 2 2 24.192350
XY 2 3 19.169606
XY 2 4 21.762206
XY 2 5 23.342873
XY 2 6 21.927713
XY 2 7 20.734279
XY 3 0 20.423878
XY 3 1 18.913583
XY 3 2 22.984114
XY 3 3 24.573764
XY 3 4 22.230655
XY 3 5 22.390029
XY 3 6 21.587828
XY 3 7 21.476617
XY 4 0 10.779007
XY 4 1 -1.000000
XY 4 2 19.937271
XY 4 3 22.578336
XY 4 4 16.280922
XY 4 5 20.448683
XY 4 6 24.285971
XY 4 7 19.691808
XY 5 0 22.372377
XY 5 1 21.126692
XY 5 2 24.624453
XY 5 3 24.797274
XY 5 4 23.111028
XY 5 5 26.340256
XY 5 6 23.647006
XY 5 7 23.425825
XY 6 0 18.702457
XY 6 1 22.326314
XY 6 2 22.108311
XY 6 3 22.563526
XY 6 4 20.694030
XY 6 5 23.926253
XY 6 6 23.275695
XY 6 7 21.409269
XY 7 0 22.210755
XY 7 1 22.310844
XY 7 2 23.880452
XY 7 3 24.996754
XY 7 4 23.969193
XY 7 5 26.628436
XY 7 6 24.453578
XY 7 7 22.514673
XY 8 0 18.481294
XY 8 1 21.707069
XY 8 2 22.974707
XY 8 3 24.979326
XY 8 4 -1.000000
XY 8 5 23.998219
XY 8 6 22.724368
XY 8 7 17.497405
XY 9 0 20.765434
XY 9 1 21.275524
XY 9 2 22.267113
XY 9 3 21.749294
XY 9 4 -1.000000
XY 9 5 20.653610
XY 9 6 23.981634
XY 9 7 19.872992
XY 10 0 20.866535
XY 10 1 21.971698
XY 10 2 20.821060
XY 10 3 25.419472
XY 10 4 13.522266
XY 10 5 23.031726
XY 10 6 24.750766
XY 10 7 20.534705
XY 11 0 20.924034
XY 11 1 21.411811
XY 11 2 23.338716
XY 11 3 21.804153
XY 11 4 -1.000000
XY 11 5 25.692216
XY 11 6 23.506026
XY 11 7 19.402025
XY 12 0 17.298546
XY 12 1 18.940752
XY 12 2 22.771090
XY 12 3 21.937215
XY 12 4 17.522242
XY 12 5 24.983034
XY 12 6 22.882651
XY 12 7 16.782326
XY 13 0 19.567079
XY 13 1 21.987264
XY 13 2 24.771151
XY 13 3 24.352583
XY 13 4 -1.000000
XY 13 5 24.030842
XY 13 6 21.133907
XY 13 7 18.222317
XY 14 0 20.293703
XY 14 1 23.155981
XY 14 2 22.188380
XY 14 3 21.973055
XY 14 4 23.615709
XY 14 5 23.269714
XY 14 6 20.074766
XY 14 7 19.471039
XY 15 0 21.948717
XY 15 1 21.701161
XY 15 2 22.938286
XY 15 3 21.931650
XY 15 4 -1.000000
XY 15 5 26.448717
XY 15 6 23.115578
XY 15 7 18.421552
XY 16 0 18.406095
XY 16 1 18.251787
XY 16 2 21.964713
XY 16 3 22.185781
XY 16 4 20.287300
XY 16 5 20.270465
XY 16 6 23.850740
XY 16 7 22.074065
XY 17 0 18.356232
XY 17 1 22.360106
XY 17 2 15.201228
XY 17 3 23.141235
XY 17 4 22.264843
XY 17 5 20.525813
XY 17 6 20.009322
XY 17 7 20.854968
XY 18 0 20.727174
XY 18 1 20.274947
XY 18 2 27.546861
XY 18 3 22.556532
XY 18 4 25.680410
XY 18 5 22.219611
XY 18 6 21.575797
XY 18 7 21.624857
XY 19 0 20.720638
XY 19 1 20.127612
XY 19 2 23.385671
XY 19 3 22.924727
XY 19 4 22.680424
XY 19 5 21.601998
XY 19 6 20.761681
XY 19 7 18.061325
XY 20 0 19.635830
XY 20 1 14.502886
XY 20 2 23.304063
XY 20 3 23.739874
XY 20 4 19.736457
XY 20 5 24.174066
XY 20 6 22.132199
XY 20 7 19.272289
XY 21 0 20.310377
XY 21 1 19.833118
XY 21 2 25.738423
XY 21 3 23.051930
XY 21 4 20.511542
XY 21 5 21.636401
XY 21 6 23.287342
XY 21 7 18.705089
XY 22 0 20.780592
XY 22 1 14.435930
XY 22 2 22.292951
XY 22 3 -1.000000
XY 22 4 21.470372
XY 22 5 -1.000000
XY 22 6 22.162189
XY 22 7 20.089584
XY 23 0 20.497834
XY 23 1 18.946496
XY 23 2 21.307378
XY 23 3 19.560729
XY 23 4 21.187810
XY 23 5 21.137974
XY 23 6 26.558541
XY 23 7 21.430620
XZ 0 0 16.737534
XZ 0 1 16.283431
XZ 0 2 25.811151
XZ 0 3 20.596546
XZ 0 4 18.066789
XZ 0 5 22.152487
XZ 0 6 17.564043
XZ 0 7 19.250285
XZ 0 8 21.955739
XZ 0 9 27.089221
XZ 0 10 22.548806
XZ 0 11 20.862230
XZ 0 12 5.509308
XZ 0 13 22.402787
XZ 0 14 22.366105
XZ 0 15 23.943369
XZ 0 16 20.271210
XZ 0 17 23.323417
XZ 0 18 23.535784
XZ 0 19 19.816426
XZ 0 20 23.372476
XZ 0 21 15.882041
XZ 0 22 24.570855
XZ 0 23 23.807297
XZ 0 24 18.395550
XZ 0 25 4.296730
XZ 0 26 21.656852
XZ 0 27 26.644716
XZ 0 28 18.602983
XZ 0 29 30.010122
XZ 0 30 21.839786
XZ 0 31 23.759796
XZ 0 32 22.859972
XZ 0 33 28.101258
XZ 0 34 24.114960
XZ 0 35 21.660526
XZ 0 36 23.483595
XZ 0 37 23.427161
XZ 0 38 22.628023
XZ 0 39 23.769041
XZ 0 40 17.494298
XZ 0 41 27.821570
XZ 0 42 24.205789
XZ 0 43 27.884505
XZ 0 44 29.894873
XZ 0 45 21.087299
XZ 0 46 24.425909
XZ 0 47 19.992453
XZ 1 0 18.464375
XZ 1 1 22.313035
XZ 1 2 11.729359
XZ 1 3 24.787649
XZ 1 4 23.366114
XZ 1 5 21.128594
XZ 1 6 26.087157
XZ 1 7 26.402295
XZ 1 8 22.309852
XZ 1 9 28.402537
XZ 1 10 26.849689
XZ 1 11 29.563692
XZ 1 12 23.991367
XZ 1 13 19.170658
XZ 1 14 26.844658
XZ 1 15 23.814769
XZ 1 16 23.576477
XZ 1 17 25.456488
XZ 1 18 19.661410
XZ 1 19 22.578168
XZ 1 20 22.818268
XZ 1 21 26.445958
XZ 1 22 25.528573
XZ 1 23 20.592202
XZ 1 24 13.081238
XZ 1 25 31.946285
XZ 1 26 27.812531
XZ 1 27 26.691582
XZ 1 28 26.215864
XZ 1 29 29.359670
XZ 1 30 25.032350
XZ 1 31 20.474211
XZ 1 32 32.108279
XZ 1 33 29.354204
XZ 1 34 23.323862
XZ 1 35 30.978101
XZ 1 36 27.248177
XZ 1 37 31.052974
XZ 1 38 26.896309
XZ 1 39 27.991880
XZ 1 40 42.883580
XZ 1 41 22.392564
XZ 1 42 16.654504
XZ 1 43 25.508509
XZ 1 44 28.071549
XZ 1 45 21.103105
XZ 1 46 25.273799
XZ 1 47 22.211975
XZ 2 0 18.197405
XZ 2 1 24.939576
XZ 2 2 25.727570
XZ 2 3 26.429000
XZ 2 4 21.163021
XZ 2 5 27.292949
XZ 2 6 9.839873
XZ 2 7 26.147664
XZ 2 8 22.768226
XZ 2 9 28.267431
XZ 2 10 26.905572
XZ 2 11 28.117451
XZ 2 12 22.378110
XZ 2 13 27.136994
XZ 2 14 17.195327
XZ 2 15 28.689510
XZ 2 16 29.247612
XZ 2 17 24.941370
XZ 2 18 26.743367
XZ 2 19 29.583417
XZ 2 20 30.541193
XZ 2 21 24.590627
XZ 2 22 28.380631
XZ 2 23 20.680862
XZ 2 24 31.436855
XZ 2 25 33.755587
XZ 2 26 27.839665
XZ 2 27 31.413651
XZ 2 28 33.292469
XZ 2 29 28.975946
XZ 2 30 27.483661
XZ 2 31 20.877043
XZ 2 32 28.692463
XZ 2 33 29.663311
XZ 2 34 18.424014
XZ 2 35 25.430260
XZ 2 36 25.684520
XZ 2 37 28.735692
XZ 2 38 28.934631
XZ 2 39 27.396570
XZ 2 40 22.392054
XZ 2 41 26.511605
XZ 2 42 30.100005
XZ 2 43 22.531046
XZ 2 44 24.002358
XZ 2 45 26.285297
XZ 2 46 30.764375
XZ 2 47 26.418332
XZ 3 0 21.545837
XZ 3 1 20.085613
XZ 3 2 24.155181
XZ 3 3 32.003030
XZ 3 4 20.836326
XZ 3 5 28.721970
XZ 3 6 21.964295
XZ 3 7 26.314025
XZ 3 8 27.463116
XZ 3 9 29.154918
XZ 3 10 26.025260
XZ 3 11 33.294424
XZ 3 12 29.019298
XZ 3 13 33.055931
XZ 3 14 23.781054
XZ 3 15 25.272910
XZ 3 16 26.231065
XZ 3 17 21.091914
XZ 3 18 26.111715
XZ 3 19 30.289784
XZ 3 20 28.830448
XZ 3 21 21.702391
XZ 3 22 30.164246
XZ 3 23 20.838939
XZ 3 24 26.853597
XZ 3 25 31.884457
XZ 3 26 28.500109
XZ 3 27 25.742481
XZ 3 28 27.879511
XZ 3 29 25.361104
XZ 3 30 35.038006
XZ 3 31 23.385077
XZ 3 32 28.670176
XZ 3 33 21.618480
XZ 3 34 20.811396
XZ 3 35 29.108355
XZ 3 36 36.156103
XZ 3 37 22.876029
XZ 3 38 24.790511
XZ 3 39 35.171173
XZ 3 40 29.048715
XZ 3 41 29.291802
XZ 3 42 15.616111
XZ 3 43 28.504857
XZ 3 44 30.494911
XZ 3 45 24.554345
XZ 3 46 28.554312
XZ 3 47 20.679473
XZ 4 0 22.746569
XZ 4 1 19.548660
XZ 4 2 21.947520
XZ 4 3 33.161402
XZ 4 4 18.505175
XZ 4 5 31.433342
XZ 4 6 25.041275
XZ 4 7 29.439093
XZ 4 8 28.397901
XZ 4 9 28.865685
XZ 4 10 29.872260
XZ 4 11 31.465187
XZ 4 12 22.601346
XZ 4 13 31.781877
XZ 4 14 25.610010
XZ 4 15 31.002135
XZ 4 16 25.128330
XZ 4 17 21.121608
XZ 4 18 19.801833
XZ 4 19 28.564031
XZ 4 20 23.312230
XZ 4 21 26.693419
XZ 4 22 30.188705
XZ 4 23 25.664931
XZ 4 24 30.914988
XZ 4 25 21.758621
XZ 4 26 27.328992
XZ 4 27 28.355892
XZ 4 28 25.376566
XZ 4 29 24.226333
XZ 4 30 20.911002
XZ 4 31 26.762218
XZ 4 32 21.602669
XZ 4 33 23.057219
XZ 4 34 27.224078
XZ 4 35 27.787728
XZ 4 36 26.767794
XZ 4 37 24.057242
XZ 4 38 33.009747
XZ 4 39 18.896925
XZ 4 40 28.513161
XZ 4 41 26.913489
XZ 4 42 22.713332
XZ 4 43 15.513038
XZ 4 44 21.659420
XZ 4 45 34.560374
XZ 4 46 25.925004
XZ 4 47 29.651163
XZ 5 0 17.825292
XZ 5 1 19.819679
XZ 5 2 26.994084
XZ 5 3 19.255402
XZ 5 4 24.515213
XZ 5 5 26.338161
XZ 5 6 28.940289
XZ 5 7 26.893772
XZ 5 8 23.738744
XZ 5 9 26.200415
XZ 5 10 26.610633
XZ 5 11 27.807550
XZ 5 12 27.370590
XZ 5 13 28.931488
XZ 5 14 26.251070
XZ 5 15 28.570436
XZ 5 16 24.635147
XZ 5 17 24.285699
XZ 5 18 26.609270
XZ 5 19 25.581757
XZ 5 20 31.603340
XZ 5 21 32.350200
XZ 5 22 27.033155
XZ 5 23 27.123111
XZ 5 24 24.878039
XZ 5 25 30.199441
XZ 5 26 38.029652
XZ 5 27 35.772437
XZ 5 28 28.402277
XZ 5 29 31.803694
XZ 5 30 29.588641
XZ 5 31 19.546820
XZ 5 32 28.033900
XZ 5 33 24.514216
XZ 5 34 24.384076
XZ 5 35 27.542562
XZ 5 36 23.767779
XZ 5 37 30.990510
XZ 5 38 25.903283
XZ 5 39 28.315695
XZ 5 40 24.451142
XZ 5 41 25.719920
XZ 5 42 27.094090
XZ 5 43 23.613346
XZ 5 44 23.260449
XZ 5 45 25.883499
XZ 5 46 25.403602
XZ 5 47 18.036364
XZ 6 0 15.706257
XZ 6 1 31.364810
XZ 6 2 25.714054
XZ 6 3 20.392828
XZ 6 4 24.124471
XZ 6 5 28.209486
XZ 6 6 26.804222
XZ 6 7 26.379176
XZ 6 8 29.718225
XZ 6 9 35.286525
XZ 6 10 21.887624
XZ 6 11 31.527882
XZ 6 12 19.253307
XZ 6 13 32.778633
XZ 6 14 22.690443
XZ 6 15 29.183759
XZ 6 16 26.966384
XZ 6 17 28.991756
XZ 6 18 25.839335
XZ 6 19 20.714207
XZ 6 20 21.135693
XZ 6 21 31.083842
XZ 6 22 27.458689
XZ 6 23 28.254077
XZ 6 24 34.890268
XZ 6 25 29.812185
XZ 6 26 32.584858
XZ 6 27 29.385450
XZ 6 28 21.917358
XZ 6 29 29.773744
XZ 6 30 26.957243
XZ 6 31 26.476817
XZ 6 32 29.207470
XZ 6 33 37.803922
XZ 6 34 30.034601
XZ 6 35 36.789576
XZ 6 36 23.468563
XZ 6 37 30.297908
XZ 6 38 24.979167
XZ 6 39 29.192453
XZ 6 40 20.736117
XZ 6 41 29.607663
XZ 6 42 24.757199
XZ 6 43 32.988125
XZ 6 44 24.661258
XZ 6 45 30.192372
XZ 6 46 26.506847
XZ 6 47 27.795601
XZ 7 0 16.363844
XZ 7 1 24.513685
XZ 7 2 23.122712
XZ 7 3 32.496927
XZ 7 4 25.846761
XZ 7 5 28.354478
XZ 7 6 24.909254
XZ 7 7 26.295765
XZ 7 8 24.610136
XZ 7 9 36.571466
XZ 7 10 24.622111
XZ 7 11 21.257397
XZ 7 12 24.528289
XZ 7 13 27.802873
XZ 7 14 22.495742
XZ 7 15 23.175574
XZ 7 16 26.144015
XZ 7 17 28.582359
XZ 7 18 25.069722
XZ 7 19 29.438083
XZ 7 20 27.530909
XZ 7 21 34.362830
XZ 7 22 16.793342
XZ 7 23 -1.000000
XZ 7 24 25.717348
XZ 7 25 28.609065
XZ 7 26 28.997286
XZ 7 27 37.431543
XZ 7 28 19.795086
XZ 7 29 26.792215
XZ 7 30 26.619824
XZ 7 31 33.694542
XZ 7 32 28.423495
XZ 7 33 22.871918
XZ 7 34 28.351713
XZ 7 35 22.323980
XZ 7 36 27.154722
XZ 7 37 24.677207
XZ 7 38 18.091819
XZ 7 39 25.388727
XZ 7 40 31.141767
XZ 7 41 17.523811
XZ 7 42 19.745826
XZ 7 43 30.764306
XZ 7 44 26.770212
XZ 7 45 30.158941
XZ 7 46 34.625206
XZ 7 47 21.749615
XZ 8 0 17.832263
XZ 8 1 27.379326
XZ 8 2 26.454066
XZ 8 3 31.876918
XZ 8 4 26.334520
XZ 8 5 25.215792
XZ 8 6 28.569475
XZ 8 7 34.165921
XZ 8 8 23.610527
XZ 8 9 27.009357
XZ 8 10 29.034100
XZ 8 11 30.980443
XZ 8 12 31.599961
XZ 8 13 31.311622
XZ 8 14 23.239596
XZ 8 15 25.316008
XZ 8 16 29.174201
XZ 8 17 26.239514
XZ 8 18 22.237989
XZ 8 19 34.188382
XZ 8 20 26.150564
XZ 8 21 26.341046
XZ 8 22 21.900371
XZ 8 23 25.930964
XZ 8 24 30.953312
XZ 8 25 32.244875
XZ 8 26 28.972235
XZ 8 27 32.974718
XZ 8 28 38.583398
XZ 8 29 22.100031
XZ 8 30 29.113746
XZ 8 31 27.713195
XZ 8 32 21.509515
XZ 8 33 25.304377
XZ 8 34 20.116303
XZ 8 35 28.477180
XZ 8 36 26.492848
XZ 8 37 25.856113
XZ 8 38 23.824348
XZ 8 39 24.348467
XZ 8 40 27.062257
XZ 8 41 24.087062
XZ 8 42 22.561012
XZ 8 43 32.588032
XZ 8 44 23.963874
XZ 8 45 28.320867
XZ 8 46 28.100157
XZ 8 47 18.354238
XZ 9 0 16.695802
XZ 9 1 27.346224
XZ 9 2 26.406860
XZ 9 3 26.917518
XZ 9 4 19.907087
XZ 9 5 31.108111
XZ 9 6 28.493797
XZ 9 7 33.650344
XZ 9 8 24.402488
XZ 9 9 31.333715
XZ 9 10 27.303641
XZ 9 11 32.395043
XZ 9 12 28.345977
XZ 9 13 27.800642
XZ 9 14 28.892228
XZ 9 15 21.274920
XZ 9 16 29.390246
XZ 9 17 28.805762
XZ 9 18 22.273840
XZ 9 19 32.373718
XZ 9 20 30.304660
XZ 9 21 21.862093
XZ 9 22 28.624295
XZ 9 23 21.783516
XZ 9 24 36.111765
XZ 9 25 25.742795
XZ 9 26 33.043339
XZ 9 27 26.072061
XZ 9 28 32.073862
XZ 9 29 22.114473
XZ 9 30 35.391245
XZ 9 31 29.422796
XZ 9 32 22.615920
XZ 9 33 26.172910
XZ 9 34 25.591517
XZ 9 35 24.694602
XZ 9 36 21.580568
XZ 9 37 28.519404
XZ 9 38 28.079497
XZ 9 39 24.849015
XZ 9 40 27.216565
XZ 9 41 23.504298
XZ 9 42 24.370547
XZ 9 43 29.441536
XZ 9 44 22.858187
XZ 9 45 28.866997
XZ 9 46 25.343859
XZ 9 47 25.941881
XZ 10 0 17.043660
XZ 10 1 27.791126
XZ 10 2 20.873816
XZ 10 3 31.597136
XZ 10 4 25.282881
XZ 10 5 28.089862
XZ 10 6 29.819250
XZ 10 7 28.470356
XZ 10 8 33.729960
XZ 10 9 32.957636
XZ 10 10 32.602285
XZ 10 11 28.273100
XZ 10 12 21.357765
XZ 10 13 28.299202
XZ 10 14 25.762726
XZ 10 15 31.410880
XZ 10 16 21.074958
XZ 10 17 28.490879
XZ 10 18 21.447720
XZ 10 19 25.823204
XZ 10 20 24.196355
XZ 10 21 26.780112
XZ 10 22 20.298782
XZ 10 23 25.838326
XZ 10 24 21.458305
XZ 10 25 23.179907
XZ 10 26 14.634053
XZ 10 27 23.559865
XZ 10 28 24.994865
XZ 10 29 6.048251
XZ 10 30 28.013367
XZ 10 31 22.191082
XZ 10 32 24.458327
XZ 10 33 26.764258
XZ 10 34 26.146054
XZ 10 35 22.028882
XZ 10 36 24.324541
XZ 10 37 24.243185
XZ 10 38 22.292869
XZ 10 39 23.516344
XZ 10 40 17.947778
XZ 10 41 28.588247
XZ 10 42 24.484421
XZ 10 43 27.098174
XZ 10 44 23.692387
XZ 10 45 33.011024
XZ 10 46 25.339134
XZ 10 47 25.669536
XZ 11 0 19.907067
XZ 11 1 24.597035
XZ 11 2 26.699155
XZ 11 3 27.197792
XZ 11 4 27.910921
XZ 11 5 30.332423
XZ 11 6 24.148179
XZ 11 7 28.838681
XZ 11 8 22.484571
XZ 11 9 34.851977
XZ 11 10 29.839829
XZ 11 11 37.446785
XZ 11 12 21.799831
XZ 11 13 33.070145
XZ 11 14 23.831007
XZ 11 15 27.406466
XZ 11 16 24.286880
XZ 11 17 22.404460
XZ 11 18 25.841068
XZ 11 19 24.743583
XZ 11 20 28.589436
XZ 11 21 27.406061
XZ 11 22 28.142726
XZ 11 23 22.907507
XZ 11 24 26.482313
XZ 11 25 26.171861
XZ 11 26 23.811507
XZ 11 27 33.955017
XZ 11 28 23.727217
XZ 11 29 25.412255
XZ 11 30 23.472006
XZ 11 31 25.999567
XZ 11 32 19.665203
XZ 11 33 25.617586
XZ 11 34 25.502165
XZ 11 35 38.372445
XZ 11 36 25.214965
XZ 11 37 30.671992
XZ 11 38 23.820520
XZ 11 39 31.784508
XZ 11 40 21.580327
XZ 11 41 26.639717
XZ 11 42 28.381902
XZ 11 43 29.749698
XZ 11 44 31.744790
XZ 11 45 28.666590
XZ 11 46 23.556108
XZ 11 47 24.746665
XZ 12 0 17.125117
XZ 12 1 24.199989
XZ 12 2 23.739196
XZ 12 3 19.411841
XZ 12 4 24.347088
XZ 12 5 28.981614
XZ 12 6 24.258571
XZ 12 7 28.073742
XZ 12 8 32.370764
XZ 12 9 33.817408
XZ 12 10 26.826535
XZ 12 11 31.723120
XZ 12 12 26.070225
XZ 12 13 26.028188
XZ 12 14 31.231934
XZ 12 15 27.016856
XZ 12 16 22.662005
XZ 12 17 33.529011
XZ 12 18 21.589593
XZ 12 19 16.729103
XZ 12 20 19.426462
XZ 12 21 24.894447
XZ 12 22 32.650130
XZ 12 23 28.376943
XZ 12 24 31.482231
XZ 12 25 23.979599
XZ 12 26 28.258176
XZ 12 27 32.061326
XZ 12 28 31.107751
XZ 12 29 35.006833
XZ 12 30 30.233928
XZ 12 31 29.405290
XZ 12 32 15.530518
XZ 12 33 25.133978
XZ 12 34 18.916820
XZ 12 35 23.675208
XZ 12 36 20.758748
XZ 12 37 16.650670
XZ 12 38 26.829338
XZ 12 39 32.593537
XZ 12 40 26.583379
XZ 12 41 21.968969
XZ 12 42 24.153836
XZ 12 43 24.896211
XZ 12 44 27.288315
XZ 12 45 29.434933
XZ 12 46 24.538280
XZ 12 47 25.940145
XZ 13 0 -1.000000
XZ 13 1 28.018952
XZ 13 2 24.096505
XZ 13 3 14.073761
XZ 13 4 22.252504
XZ 13 5 28.763800
XZ 13 6 23.968063
XZ 13 7 31.581894
XZ 13 8 29.381506
XZ 13 9 31.957120
XZ 13 10 26.810456
XZ 13 11 31.140337
XZ 13 12 22.400498
XZ 13 13 28.738836
XZ 13 14 21.873238
XZ 13 15 26.816811
XZ 13 16 24.382300
XZ 13 17 27.083394
XZ 13 18 20.731902
XZ 13 19 27.376304
XZ 13 20 29.249188
XZ 13 21 25.063132
XZ 13 22 22.354295
XZ 13 23 26.589901
XZ 13 24 33.243857
XZ 13 25 22.574716
XZ 13 26 31.069797
XZ 13 27 30.106487
XZ 13 28 24.042899
XZ 13 29 23.127717
XZ 13 30 24.859479
XZ 13 31 21.598722
XZ 13 32 26.922895
XZ 13 33 28.951813
XZ 13 34 27.260680
XZ 13 35 31.370900
XZ 13 36 25.136249
XZ 13 37 28.626971
XZ 13 38 22.298896
XZ 13 39 27.546301
XZ 13 40 28.186211
XZ 13 41 22.189329
XZ 13 42 22.788210
XZ 13 43 19.814670
XZ 13 44 32.654198
XZ 13 45 28.468713
XZ 13 46 24.451302
XZ 13 47 21.925898
XZ 14 0 13.171284
XZ 14 1 23.231884
XZ 14 2 22.491179
XZ 14 3 32.767088
XZ 14 4 24.429048
XZ 14 5 29.382404
XZ 14 6 24.508331
XZ 14 7 30.689928
XZ 14 8 28.235708
XZ 14 9 27.176379
XZ 14 10 23.851353
XZ 14 11 27.521362
XZ 14 12 23.206493
XZ 14 13 28.456409
XZ 14 14 28.446666
XZ 14 15 29.777537
XZ 14 16 15.391562
XZ 14 17 19.226994
XZ 14 18 22.470737
XZ 14 19 28.048190
XZ 14 20 20.276071
XZ 14 21 22.005193
XZ 14 22 28.706682
XZ 14 23 23.185486
XZ 14 24 33.982810
XZ 14 25 40.883218
XZ 14 26 40.795298
XZ 14 27 47.390488
XZ 14 28 25.785416
XZ 14 29 25.695273
XZ 14 30 30.901324
XZ 14 31 33.847909
XZ 14 32 22.708799
XZ 14 33 16.774057
XZ 14 34 25.543604
XZ 14 35 26.111425
XZ 14 36 25.879030
XZ 14 37 27.694043
XZ 14 38 34.331310
XZ 14 39 19.660403
XZ 14 40 30.757785
XZ 14 41 22.144222
XZ 14 42 23.764416
XZ 14 43 22.591260
XZ 14 44 23.076420
XZ 14 45 29.489089
XZ 14 46 17.595852
XZ 14 47 27.063474
XZ 15 0 17.237674
XZ 15 1 26.004416
XZ 15 2 23.895205
XZ 15 3 29.055125
XZ 15 4 24.941252
XZ 15 5 35.125534
XZ 15 6 -1.000000
XZ 15 7 29.598671
XZ 15 8 27.618979
XZ 15 9 34.217012
XZ 15 10 25.815050
XZ 15 11 31.045783
XZ 15 12 27.568935
XZ 15 13 26.277975
XZ 15 14 22.138642
XZ 15 15 29.963676
XZ 15 16 17.737073
XZ 15 17 18.258594
XZ 15 18 31.555985
XZ 15 19 26.436878
XZ 15 20 17.721710
XZ 15 21 26.809845
XZ 15 22 -1.000000
XZ 15 23 -1.000000
XZ 15 24 25.328322
XZ 15 25 28.960742
XZ 15 26 30.017670
XZ 15 27 38.271284
XZ 15 28 30.264276
XZ 15 29 28.279466
XZ 15 30 26.393017
XZ 15 31 29.841267
XZ 15 32 22.883170
XZ 15 33 25.935095
XZ 15 34 25.068878
XZ 15 35 35.717996
XZ 15 36 30.031573
XZ 15 37 27.440394
XZ 15 38 22.053504
XZ 15 39 27.611410
XZ 15 40 28.235949
XZ 15 41 21.957977
XZ 15 42 27.481053
XZ 15 43 26.692775
XZ 15 44 24.362692
XZ 15 45 25.632255
XZ 15 46 22.712264
XZ 15 47 27.698947
XZ 16 0 14.901079
XZ 16 1 24.633328
XZ 16 2 17.573062
XZ 16 3 26.731635
XZ 16 4 24.574920
XZ 16 5 16.373632
XZ 16 6 25.189225
XZ 16 7 26.689338
XZ 16 8 22.919802
XZ 16 9 26.723048
XZ 16 10 30.759522
XZ 16 11 33.534911
XZ 16 12 25.623702
XZ 16 13 24.585696
XZ 16 14 25.792813
XZ 16 15 20.813424
XZ 16 16 22.023422
XZ 16 17 9.866405
XZ 16 18 35.742929
XZ 16 19 24.795057
XZ 16 20 29.289802
XZ 16 21 25.176485
XZ 16 22 36.707439
XZ 16 23 24.709797
XZ 16 24 28.674611
XZ 16 25 22.458437
XZ 16 26 30.161568
XZ 16 27 31.978088
XZ 16 28 25.022527
XZ 16 29 25.159370
XZ 16 30 25.617743
XZ 16 31 17.170616
XZ 16 32 21.503160
XZ 16 33 22.159720
XZ 16 34 22.842165
XZ 16 35 25.054250
XZ 16 36 27.860257
XZ 16 37 22.818453
XZ 16 38 27.974332
XZ 16 39 34.301762
XZ 16 40 30.151236
XZ 16 41 28.011983
XZ 16 42 25.113748
XZ 16 43 29.685296
XZ 16 44 26.253616
XZ 16 45 28.976709
XZ 16 46 27.589335
XZ 16 47 25.759624
XZ 17 0 22.786740
XZ 17 1 19.960096
XZ 17 2 26.022775
XZ 17 3 26.441199
XZ 17 4 23.385029
XZ 17 5 23.779010
XZ 17 6 25.893375
XZ 17 7 33.197683
XZ 17 8 28.509722
XZ 17 9 27.550323
XZ 17 10 30.956423
XZ 17 11 28.403665
XZ 17 12 20.405912
XZ 17 13 24.316007
XZ 17 14 27.751845
XZ 17 15 24.545812
XZ 17 16 29.352095
XZ 17 17 25.712177
XZ 17 18 25.182317
XZ 17 19 32.572681
XZ 17 20 24.146536
XZ 17 21 22.124288
XZ 17 22 18.236749
XZ 17 23 26.353654
XZ 17 24 30.784851
XZ 17 25 31.441109
XZ 17 26 26.973732
XZ 17 27 31.670540
XZ 17 28 20.510947
XZ 17 29 25.937965
XZ 17 30 24.944946
XZ 17 31 27.668423
XZ 17 32 21.414931
XZ 17 33 24.778832
XZ 17 34 25.084713
XZ 17 35 25.135866
XZ 17 36 26.136270
XZ 17 37 32.975300
XZ 17 38 22.333894
XZ 17 39 31.475388
XZ 17 40 22.366568
XZ 17 41 26.157739
XZ 17 42 35.507217
XZ 17 43 26.179338
XZ 17 44 24.274443
XZ 17 45 28.861933
XZ 17 46 27.854951
XZ 17 47 27.913045
XZ 18 0 22.225355
XZ 18 1 7.755666
XZ 18 2 24.652204
XZ 18 3 25.000719
XZ 18 4 23.957455
XZ 18 5 26.123094
XZ 18 6 26.866539
XZ 18 7 28.252121
XZ 18 8 31.401580
XZ 18 9 26.780871
XZ 18 10 31.513120
XZ 18 11 33.080115
XZ 18 12 30.925638
XZ 18 13 29.176204
XZ 18 14 36.167918
XZ 18 15 28.953937
XZ 18 16 17.584932
XZ 18 17 28.717099
XZ 18 18 26.080926
XZ 18 19 23.284458
XZ 18 20 30.798971
XZ 18 21 28.180812
XZ 18 22 24.185141
XZ 18 23 41.588340
XZ 18 24 27.096024
XZ 18 25 25.659969
XZ 18 26 29.103454
XZ 18 27 41.521508
XZ 18 28 46.038136
XZ 18 29 30.886807
XZ 18 30 30.726243
XZ 18 31 28.544666
XZ 18 32 26.378464
XZ 18 33 28.728053
XZ 18 34 24.035636
XZ 18 35 18.150868
XZ 18 36 26.812547
XZ 18 37 31.190254
XZ 18 38 23.883759
XZ 18 39 28.555312
XZ 18 40 21.652403
XZ 18 41 40.382699
XZ 18 42 7.680147
XZ 18 43 23.997795
XZ 18 44 22.431358
XZ 18 45 28.606235
XZ 18 46 24.833425
XZ 18 47 16.919579
XZ 19 0 22.146894
XZ 19 1 22.880763
XZ 19 2 18.292551
XZ 19 3 27.568058
XZ 19 4 22.410704
XZ 19 5 28.397030
XZ 19 6 19.584247
XZ 19 7 30.159024
XZ 19 8 23.270291
XZ 19 9 24.905838
XZ 19 10 27.681182
XZ 19 11 27.295258
XZ 19 12 25.849928
XZ 19 13 26.688354
XZ 19 14 25.043360
XZ 19 15 28.672783
XZ 19 16 20.289723
XZ 19 17 20.638820
XZ 19 18 23.490930
XZ 19 19 21.319490
XZ 19 20 32.318211
XZ 19 21 19.042011
XZ 19 22 27.019000
XZ 19 23 28.919426
XZ 19 24 16.607894
XZ 19 25 28.624862
XZ 19 26 26.845839
XZ 19 27 33.106636
XZ 19 28 32.797607
XZ 19 29 26.914855
XZ 19 30 29.981682
XZ 19 31 27.699506
XZ 19 32 22.834290
XZ 19 33 21.377826
XZ 19 34 27.892593
XZ 19 35 29.305782
XZ 19 36 17.701210
XZ 19 37 27.439870
XZ 19 38 26.057585
XZ 19 39 23.974410
XZ 19 40 25.831828
XZ 19 41 32.796250
XZ 19 42 17.816030
XZ 19 43 25.735823
XZ 19 44 18.377939
XZ 19 45 26.838825
XZ 19 46 25.816468
XZ 19 47 27.367496
XZ 20 0 17.682044
XZ 20 1 26.280539
XZ 20 2 22.726416
XZ 20 3 24.813356
XZ 20 4 20.083629
XZ 20 5 27.950970
XZ 20 6 27.984135
XZ 20 7 29.498534
XZ 20 8 24.678344
XZ 20 9 29.360442
XZ 20 10 41.293546
XZ 20 11 34.169396
XZ 20 12 21.259841
XZ 20 13 30.581790
XZ 20 14 26.531239
XZ 20 15 24.918577
XZ 20 16 22.075575
XZ 20 17 31.184505
XZ 20 18 30.975072
XZ 20 19 27.477729
XZ 20 20 35.908247
XZ 20 21 32.306492
XZ 20 22 22.453136
XZ 20 23 28.419676
XZ 20 24 28.626462
XZ 20 25 38.053631
XZ 20 26 44.117705
XZ 20 27 10.824811
XZ 20 28 23.102890
XZ 20 29 -1.000000
XZ 20 30 28.967721
XZ 20 31 30.225347
XZ 20 32 27.136188
XZ 20 33 30.320205
XZ 20 34 21.133329
XZ 20 35 30.276124
XZ 20 36 29.273275
XZ 20 37 30.615722
XZ 20 38 31.750865
XZ 20 39 30.718587
XZ 20 40 26.255006
XZ 20 41 33.119922
XZ 20 42 28.943907
XZ 20 43 27.372753
XZ 20 44 26.729486
XZ 20 45 25.405560
XZ 20 46 26.055083
XZ 20 47 22.143614
XZ 21 0 18.074190
XZ 21 1 -1.000000
XZ 21 2 20.578528
XZ 21 3 23.482260
XZ 21 4 16.630875
XZ 21 5 26.324690
XZ 21 6 23.621850
XZ 21 7 31.307361
XZ 21 8 29.685566
XZ 21 9 30.851517
XZ 21 10 28.533586
XZ 21 11 24.192838
XZ 21 12 28.348112
XZ 21 13 34.640421
XZ 21 14 28.710160
XZ 21 15 27.590578
XZ 21 16 17.350619
XZ 21 17 33.053276
XZ 21 18 20.348969
XZ 21 19 26.817389
XZ 21 20 29.652644
XZ 21 21 28.369590
XZ 21 22 26.781075
XZ 21 23 32.596422
XZ 21 24 27.028414
XZ 21 25 30.295244
XZ 21 26 40.060640
XZ 21 27 38.612553
XZ 21 28 34.876710
XZ 21 29 30.515356
XZ 21 30 30.182388
XZ 21 31 29.070754
XZ 21 32 21.791868
XZ 21 33 31.566750
XZ 21 34 25.377542
XZ 21 35 25.107716
XZ 21 36 25.220861
XZ 21 37 21.584696
XZ 21 38 28.889893
XZ 21 39 22.905331
XZ 21 40 24.212801
XZ 21 41 31.401551
XZ 21 42 28.828850
XZ 21 43 36.878063
XZ 21 44 27.061497
XZ 21 45 28.005606
XZ 21 46 26.148806
XZ 21 47 25.758982
XZ 22 0 23.335540
XZ 22 1 25.120596
XZ 22 2 27.441152
XZ 22 3 25.607790
XZ 22 4 22.569592
XZ 22 5 31.002034
XZ 22 6 27.103287
XZ 22 7 24.488343
XZ 22 8 22.745493
XZ 22 9 30.495195
XZ 22 10 28.853457
XZ 22 11 30.697981
XZ 22 12 25.593009
XZ 22 13 30.324385
XZ 22 14 22.913663
XZ 22 15 24.981815
XZ 22 16 23.002916
XZ 22 17 27.445788
XZ 22 18 24.261041
XZ 22 19 27.299455
XZ 22 20 32.137760
XZ 22 21 33.554602
XZ 22 22 34.234472
XZ 22 23 23.101782
XZ 22 24 28.796102
XZ 22 25 33.736659
XZ 22 26 32.613182
XZ 22 27 33.328764
XZ 22 28 33.221600
XZ 22 29 19.372389
XZ 22 30 30.238392
XZ 22 31 26.434595
XZ 22 32 29.057503
XZ 22 33 32.785413
XZ 22 34 31.614275
XZ 22 35 26.059530
XZ 22 36 28.005647
XZ 22 37 28.291608
XZ 22 38 29.789934
XZ 22 39 31.313779
XZ 22 40 29.885441
XZ 22 41 23.190324
XZ 22 42 16.612453
XZ 22 43 22.625860
XZ 22 44 29.784150
XZ 22 45 22.003241
XZ 22 46 23.709695
XZ 22 47 20.095017
XZ 23 0 17.100046
XZ 23 1 20.484120
XZ 23 2 22.907577
XZ 23 3 23.357943
XZ 23 4 20.528000
XZ 23 5 26.822314
XZ 23 6 19.073408
XZ 23 7 20.983770
XZ 23 8 24.607443
XZ 23 9 26.436317
XZ 23 10 27.112390
XZ 23 11 27.192678
XZ 23 12 24.838954
XZ 23 13 25.513400
XZ 23 14 26.047589
XZ 23 15 20.941862
XZ 23 16 23.843770
XZ 23 17 15.418435
XZ 23 18 22.460182
XZ 23 19 30.437785
XZ 23 20 20.769102
XZ 23 21 23.066648
XZ 23 22 20.220265
XZ 23 23 -1.000000
XZ 23 24 21.413448
XZ 23 25 21.334289
XZ 23 26 25.612090
XZ 23 27 31.079584
XZ 23 28 27.742447
XZ 23 29 18.180810
XZ 23 30 17.537049
XZ 23 31 28.754740
XZ 23 32 20.530300
XZ 23 33 28.059483
XZ 23 34 27.017256
XZ 23 35 21.763125
XZ 23 36 22.797810
XZ 23 37 16.290055
XZ 23 38 26.957368
XZ 23 39 25.921554
XZ 23 40 19.336034
XZ 23 41 24.765389
XZ 23 42 21.205230
XZ 23 43 19.366894
XZ 23 44 31.747222
XZ 23 45 22.360305
XZ 23 46 19.205434
XZ 23 47 15.888227
ZY 0 0 14.679875
ZY 0 1 20.460927
ZY 0 2 24.488159
ZY 0 3 20.322858
ZY 0 4 28.993884
ZY 0 5 27.370293
ZY 0 6 30.687480
ZY 0 7 20.434842
ZY 1 0 21.356112
ZY 1 1 24.855897
ZY 1 2 21.961963
ZY 1 3 -1.000000
ZY 1 4 20.446113
ZY 1 5 21.175034
ZY 1 6 26.591543
ZY 1 7 18.251143
ZY 2 0 21.834544
ZY 2 1 29.067098
ZY 2 2 26.105461
ZY 2 3 19.474907
ZY 2 4 39.719373
ZY 2 5 35.212246
ZY 2 6 22.984947
ZY 2 7 24.014083
ZY 3 0 16.646062
ZY 3 1 28.218116
ZY 3 2 21.127019
ZY 3 3 27.365443
ZY 3 4 30.315941
ZY 3 5 26.277466
ZY 3 6 26.635398
ZY 3 7 18.819157
ZY 4 0 23.291669
ZY 4 1 25.064236
ZY 4 2 23.350509
ZY 4 3 26.278752
ZY 4 4 44.306259
ZY 4 5 30.671076
ZY 4 6 28.432738
ZY 4 7 26.158219
ZY 5 0 19.489220
ZY 5 1 25.601656
ZY 5 2 26.352862
ZY 5 3 24.336616
ZY 5 4 30.146819
ZY 5 5 24.806192
ZY 5 6 26.295659
ZY 5 7 20.888506
ZY 6 0 15.558091
ZY 6 1 25.737120
ZY 6 2 22.961004
ZY 6 3 26.936849
ZY 6 4 27.633023
ZY 6 5 10.981941
ZY 6 6 24.331233
ZY 6 7 30.888361
ZY 7 0 20.885901
ZY 7 1 26.882444
ZY 7 2 21.168495
ZY 7 3 25.994156
ZY 7 4 22.419778
ZY 7 5 30.211860
ZY 7 6 32.509298
ZY 7 7 20.635846
ZY 8 0 27.971647
ZY 8 1 31.755756
ZY 8 2 29.407217
ZY 8 3 29.382724
ZY 8 4 19.579707
ZY 8 5 34.186793
ZY 8 6 21.777751
ZY 8 7 20.808887
ZY 9 0 18.414397
ZY 9 1 25.961095
ZY 9 2 23.946550
ZY 9 3 18.483687
ZY 9 4 22.255207
ZY 9 5 11.805556
ZY 9 6 28.273294
ZY 9 7 22.390887
ZY 10 0 25.712516
ZY 10 1 34.789959
ZY 10 2 30.765878
ZY 10 3 30.380022
ZY 10 4 33.820739
ZY 10 5 37.074199
ZY 10 6 27.296881
ZY 10 7 26.194846
ZY 11 0 24.863891
ZY 11 1 22.768742
ZY 11 2 27.928727
ZY 11 3 28.944358
ZY 11 4 33.627076
ZY 11 5 29.067848
ZY 11 6 29.219246
ZY 11 7 24.044356
ZY 12 0 21.061867
ZY 12 1 24.805640
ZY 12 2 30.764803
ZY 12 3 34.715720
ZY 12 4 20.035702
ZY 12 5 29.434044
ZY 12 6 35.310543
ZY 12 7 24.168870
ZY 13 0 19.799829
ZY 13 1 23.808489
ZY 13 2 18.557198
ZY 13 3 27.317085
ZY 13 4 36.610540
ZY 13 5 34.440682
ZY 13 6 25.676327
ZY 13 7 17.282264
ZY 14 0 23.457274
ZY 14 1 31.529954
ZY 14 2 27.813974
ZY 14 3 35.493660
ZY 14 4 31.584209
ZY 14 5 28.628878
ZY 14 6 28.927697
ZY 14 7 19.379845
ZY 15 0 23.754470
ZY 15 1 27.211912
ZY 15 2 28.464196
ZY 15 3 25.278256
ZY 15 4 30.320491
ZY 15 5 33.100255
ZY 15 6 26.037424
ZY 15 7 20.216941
ZY 16 0 21.139785
ZY 16 1 28.541618
ZY 16 2 35.382175
ZY 16 3 33.517210
ZY 16 4 33.545411
ZY 16 5 23.348521
ZY 16 6 31.656308
ZY 16 7 22.631163
ZY 17 0 20.556371
ZY 17 1 24.408640
ZY 17 2 27.433180
ZY 17 3 33.982442
ZY 17 4 29.747983
ZY 17 5 28.052618
ZY 17 6 23.372419
ZY 17 7 21.416821
ZY 18 0 27.484942
ZY 18 1 27.180564
ZY 18 2 27.674288
ZY 18 3 30.625742
ZY 18 4 36.146573
ZY 18 5 26.048219
ZY 18 6 23.485758
ZY 18 7 22.642411
ZY 19 0 25.432180
ZY 19 1 27.476547
ZY 19 2 21.545426
ZY 19 3 22.919515
ZY 19 4 24.328017
ZY 19 5 26.972374
ZY 19 6 24.462607
ZY 19 7 31.622855
ZY 20 0 23.537508
ZY 20 1 29.694389
ZY 20 2 25.001641
ZY 20 3 30.356876
ZY 20 4 29.509466
ZY 20 5 24.714064
ZY 20 6 24.274534
ZY 20 7 21.782255
ZY 21 0 22.299611
ZY 21 1 37.551003
ZY 21 2 26.933169
ZY 21 3 26.087445
ZY 21 4 22.279960
ZY 21 5 29.000260
ZY 21 6 26.434654
ZY 21 7 22.200678
ZY 22 0 23.203266
ZY 22 1 28.457815
ZY 22 2 29.979403
ZY 22 3 27.775317
ZY 22 4 32.453649
ZY 22 5 30.579709
ZY 22 6 26.096729
ZY 22 7 24.951715
ZY 23 0 23.826352
ZY 23 1 24.191402
ZY 23 2 24.964767
ZY 23 3 34.928512
ZY 23 4 21.183494
ZY 23 5 27.854990
ZY 23 6 32.750775
ZY 23 7 25.649039
ZY 24 0 20.527584
ZY 24 1 32.706880
ZY 24 2 20.548718
ZY 24 3 31.484827
ZY 24 4 30.944725
ZY 24 5 33.642479
ZY 24 6 32.630445
ZY 24 7 23.251644
ZY 25 0 20.283971
ZY 25 1 33.954851
ZY 25 2 22.187327
ZY 25 3 26.322095
ZY 25 4 26.016547
ZY 25 5 23.386060
ZY 25 6 28.635694
ZY 25 7 21.822563
ZY 26 0 20.461762
ZY 26 1 30.007741
ZY 26 2 25.238567
ZY 26 3 28.008895
ZY 26 4 37.410280
ZY 26 5 33.556180
ZY 26 6 30.178682
ZY 26 7 27.920328
ZY 27 0 22.503673
ZY 27 1 26.301184
ZY 27 2 30.114885
ZY 27 3 19.655230
ZY 27 4 35.331634
ZY 27 5 31.361147
ZY 27 6 24.510443
ZY 27 7 24.587610
ZY 28 0 20.281148
ZY 28 1 34.935478
ZY 28 2 27.715766
ZY 28 3 26.458313
ZY 28 4 42.727611
ZY 28 5 31.536563
ZY 28 6 22.612444
ZY 28 7 29.812206
ZY 29 0 20.924649
ZY 29 1 27.754836
ZY 29 2 28.109691
ZY 29 3 26.364990
ZY 29 4 34.939080
ZY 29 5 34.248059
ZY 29 6 23.982213
ZY 29 7 25.413174
ZY 30 0 22.523646
ZY 30 1 29.178023
ZY 30 2 33.484172
ZY 30 3 32.329545
ZY 30 4 29.301230
ZY 30 5 33.096520
ZY 30 6 22.480113
ZY 30 7 31.468646
ZY 31 0 17.390641
ZY 31 1 27.301019
ZY 31 2 27.163924
ZY 31 3 28.540404
ZY 31 4 31.431940
ZY 31 5 29.900917
ZY 31 6 27.790505
ZY 31 7 23.861185
ZY 32 0 19.895713
ZY 32 1 28.427076
ZY 32 2 32.409536
ZY 32 3 25.901511
ZY 32 4 34.477860
ZY 32 5 33.403723
ZY 32 6 33.365502
ZY 32 7 23.225823
ZY 33 0 27.493345
ZY 33 1 21.010737
ZY 33 2 24.263533
ZY 33 3 29.917748
ZY 33 4 29.727467
ZY 33 5 28.465111
ZY 33 6 24.415574
ZY 33 7 20.581938
ZY 34 0 15.225081
ZY 34 1 15.342961
ZY 34 2 26.880508
ZY 34 3 29.395557
ZY 34 4 28.291950
ZY 34 5 22.815616
ZY 34 6 33.441099
ZY 34 7 23.744405
ZY 35 0 21.872202
ZY 35 1 20.864029
ZY 35 2 25.693292
ZY 35 3 34.363504
ZY 35 4 29.500099
ZY 35 5 30.035630
ZY 35 6 31.389028
ZY 35 7 -1.000000
ZY 36 0 20.020517
ZY 36 1 19.181382
ZY 36 2 29.913279
ZY 36 3 25.366923
ZY 36 4 37.582963
ZY 36 5 9.677510
ZY 36 6 28.777945
ZY 36 7 21.982978
ZY 37 0 30.118147
ZY 37 1 28.191535
ZY 37 2 27.658836
ZY 37 3 30.634640
ZY 37 4 38.810153
ZY 37 5 31.302018
ZY 37 6 31.446007
ZY 37 7 21.942813
ZY 38 0 23.816694
ZY 38 1 28.729786
ZY 38 2 27.082107
ZY 38 3 33.459303
ZY 38 4 36.484241
ZY 38 5 27.767348
ZY 38 6 28.812318
ZY 38 7 25.702189
ZY 39 0 26.628822
ZY 39 1 25.993688
ZY 39 2 32.002568
ZY 39 3 27.488594
ZY 39 4 34.321012
ZY 39 5 26.144803
ZY 39 6 29.287401
ZY 39 7 23.769141
ZY 40 0 22.547680
ZY 40 1 23.055037
ZY 40 2 28.538804
ZY 40 3 24.667713
ZY 40 4 31.606185
ZY 40 5 26.572102
ZY 40 6 19.254722
ZY 40 7 23.547777
ZY 41 0 26.546620
ZY 41 1 24.504500
ZY 41 2 27.280723
ZY 41 3 25.926634
ZY 41 4 37.850603
ZY 41 5 26.013277
ZY 41 6 27.175615
ZY 41 7 19.208922
ZY 42 0 13.920442
ZY 42 1 21.549294
ZY 42 2 22.416881
ZY 42 3 25.553403
ZY 42 4 30.314498
ZY 42 5 30.955006
ZY 42 6 34.675942
ZY 42 7 27.942989
ZY 43 0 26.383752
ZY 43 1 33.285809
ZY 43 2 30.093449
ZY 43 3 21.701593
ZY 43 4 33.799409
ZY 43 5 23.606887
ZY 43 6 27.314556
ZY 43 7 24.056506
ZY 44 0 20.848993
ZY 44 1 22.483119
ZY 44 2 23.313380
ZY 44 3 36.438643
ZY 44 4 29.112412
ZY 44 5 25.965259
ZY 44 6 32.884991
ZY 44 7 23.473344
ZY 45 0 31.705475
ZY 45 1 34.408346
ZY 45 2 31.287416
ZY 45 3 24.278510
ZY 45 4 28.425115
ZY 45 5 26.555289
ZY 45 6 23.675166
ZY 45 7 17.891660
ZY 46 0 22.070334
ZY 46 1 24.427872
ZY 46 2 25.025936
ZY 46 3 33.505314
ZY 46 4 26.637367
ZY 46 5 26.601978
ZY 46 6 27.999428
ZY 46 7 16.030190
ZY 47 0 22.493294
ZY 47 1 19.800924
ZY 47 2 25.229694
ZY 47 3 21.620064
ZY 47 4 32.665797
ZY 47 5 22.209700
ZY 47 6 27.726288
ZY 47 7 -1.000000
